4.514950000000000000e+09,-9.757999999999999829e+01
4.514950200000000000e+09,-9.810000000000000853e+01
4.514950400000000000e+09,-9.793000000000000682e+01
4.514950600000000000e+09,-9.804000000000000625e+01
4.514950800000000000e+09,-9.840000000000000568e+01
4.514951000000000000e+09,-9.825000000000000000e+01
4.514951200000000000e+09,-9.795000000000000284e+01
4.514951400000000000e+09,-9.768999999999999773e+01
4.514951600000000000e+09,-9.779999999999999716e+01
4.514951800000000000e+09,-9.762999999999999545e+01
4.514952000000000000e+09,-9.815999999999999659e+01
4.514952200000000000e+09,-9.799000000000000909e+01
4.514952400000000000e+09,-9.812000000000000455e+01
4.514952600000000000e+09,-9.782000000000000739e+01
4.514952800000000000e+09,-9.778000000000000114e+01
4.514953000000000000e+09,-9.821000000000000796e+01
4.514953200000000000e+09,-9.785999999999999943e+01
4.514953400000000000e+09,-9.796000000000000796e+01
4.514953600000000000e+09,-9.796999999999999886e+01
4.514953800000000000e+09,-9.792000000000000171e+01
4.514954000000000000e+09,-9.770000000000000284e+01
4.514954200000000000e+09,-9.759000000000000341e+01
4.514954400000000000e+09,-9.754000000000000625e+01
4.514954600000000000e+09,-9.774000000000000909e+01
4.514954800000000000e+09,-9.810999999999999943e+01
4.514955000000000000e+09,-9.792000000000000171e+01
4.514955200000000000e+09,-9.765999999999999659e+01
4.514955400000000000e+09,-9.743999999999999773e+01
4.514955600000000000e+09,-9.768999999999999773e+01
4.514955800000000000e+09,-9.765999999999999659e+01
4.514956000000000000e+09,-9.743999999999999773e+01
4.514956200000000000e+09,-9.760999999999999943e+01
4.514956400000000000e+09,-9.770000000000000284e+01
4.514956600000000000e+09,-9.814000000000000057e+01
4.514956800000000000e+09,-9.806000000000000227e+01
4.514957000000000000e+09,-9.765000000000000568e+01
4.514957200000000000e+09,-9.707999999999999829e+01
4.514957400000000000e+09,-9.726999999999999602e+01
4.514957600000000000e+09,-9.735999999999999943e+01
4.514957800000000000e+09,-9.740000000000000568e+01
4.514958000000000000e+09,-9.750000000000000000e+01
4.514958200000000000e+09,-9.718000000000000682e+01
4.514958400000000000e+09,-9.796999999999999886e+01
4.514958600000000000e+09,-9.765999999999999659e+01
4.514958800000000000e+09,-9.785999999999999943e+01
4.514959000000000000e+09,-9.762999999999999545e+01
4.514959200000000000e+09,-9.806000000000000227e+01
4.514959400000000000e+09,-9.768000000000000682e+01
4.514959600000000000e+09,-9.804000000000000625e+01
4.514959800000000000e+09,-9.796000000000000796e+01
4.514960000000000000e+09,-9.776000000000000512e+01
4.514960200000000000e+09,-9.785999999999999943e+01
4.514960400000000000e+09,-9.771999999999999886e+01
4.514960600000000000e+09,-9.760000000000000853e+01
4.514960800000000000e+09,-9.754000000000000625e+01
4.514961000000000000e+09,-9.785999999999999943e+01
4.514961200000000000e+09,-9.779000000000000625e+01
4.514961400000000000e+09,-9.779000000000000625e+01
4.514961600000000000e+09,-9.806000000000000227e+01
4.514961800000000000e+09,-9.774000000000000909e+01
4.514962000000000000e+09,-9.762999999999999545e+01
4.514962200000000000e+09,-9.793000000000000682e+01
4.514962400000000000e+09,-9.764000000000000057e+01
4.514962600000000000e+09,-9.768999999999999773e+01
4.514962800000000000e+09,-9.785999999999999943e+01
4.514963000000000000e+09,-9.760999999999999943e+01
4.514963200000000000e+09,-9.729000000000000625e+01
4.514963400000000000e+09,-9.746000000000000796e+01
4.514963600000000000e+09,-9.749000000000000909e+01
4.514963800000000000e+09,-9.745000000000000284e+01
4.514964000000000000e+09,-9.754999999999999716e+01
4.514964200000000000e+09,-9.743999999999999773e+01
4.514964400000000000e+09,-9.740000000000000568e+01
4.514964600000000000e+09,-9.751999999999999602e+01
4.514964800000000000e+09,-9.710000000000000853e+01
4.514965000000000000e+09,-9.718000000000000682e+01
4.514965200000000000e+09,-9.764000000000000057e+01
4.514965400000000000e+09,-9.768999999999999773e+01
4.514965600000000000e+09,-9.751999999999999602e+01
4.514965800000000000e+09,-9.795000000000000284e+01
4.514966000000000000e+09,-9.776000000000000512e+01
4.514966200000000000e+09,-9.762999999999999545e+01
4.514966400000000000e+09,-9.779999999999999716e+01
4.514966600000000000e+09,-9.770000000000000284e+01
4.514966800000000000e+09,-9.754999999999999716e+01
4.514967000000000000e+09,-9.782999999999999829e+01
4.514967200000000000e+09,-9.784000000000000341e+01
4.514967400000000000e+09,-9.760000000000000853e+01
4.514967600000000000e+09,-9.768000000000000682e+01
4.514967800000000000e+09,-9.821999999999999886e+01
4.514968000000000000e+09,-9.789000000000000057e+01
4.514968200000000000e+09,-9.721999999999999886e+01
4.514968400000000000e+09,-9.726999999999999602e+01
4.514968600000000000e+09,-9.737000000000000455e+01
4.514968800000000000e+09,-9.782999999999999829e+01
4.514969000000000000e+09,-9.770000000000000284e+01
4.514969200000000000e+09,-9.762999999999999545e+01
4.514969400000000000e+09,-9.799000000000000909e+01
4.514969600000000000e+09,-9.757000000000000739e+01
4.514969800000000000e+09,-9.718000000000000682e+01
4.514970000000000000e+09,-9.765000000000000568e+01
4.514970200000000000e+09,-9.737000000000000455e+01
4.514970400000000000e+09,-9.718000000000000682e+01
4.514970600000000000e+09,-9.751999999999999602e+01
4.514970800000000000e+09,-9.742000000000000171e+01
4.514971000000000000e+09,-9.746000000000000796e+01
4.514971200000000000e+09,-9.768999999999999773e+01
4.514971400000000000e+09,-9.795000000000000284e+01
4.514971600000000000e+09,-9.760999999999999943e+01
4.514971800000000000e+09,-9.732000000000000739e+01
4.514972000000000000e+09,-9.690999999999999659e+01
4.514972200000000000e+09,-9.754999999999999716e+01
4.514972400000000000e+09,-9.760999999999999943e+01
4.514972600000000000e+09,-9.701999999999999602e+01
4.514972800000000000e+09,-9.693999999999999773e+01
4.514973000000000000e+09,-9.748000000000000398e+01
4.514973200000000000e+09,-9.762999999999999545e+01
4.514973400000000000e+09,-9.768000000000000682e+01
4.514973600000000000e+09,-9.749000000000000909e+01
4.514973800000000000e+09,-9.648000000000000398e+01
4.514974000000000000e+09,-9.646999999999999886e+01
4.514974200000000000e+09,-9.696999999999999886e+01
4.514974400000000000e+09,-9.699000000000000909e+01
4.514974600000000000e+09,-9.679000000000000625e+01
4.514974800000000000e+09,-9.692000000000000171e+01
4.514975000000000000e+09,-9.715999999999999659e+01
4.514975200000000000e+09,-9.749000000000000909e+01
4.514975400000000000e+09,-9.651999999999999602e+01
4.514975600000000000e+09,-9.612999999999999545e+01
4.514975800000000000e+09,-9.726999999999999602e+01
4.514976000000000000e+09,-9.721999999999999886e+01
4.514976200000000000e+09,-9.667000000000000171e+01
4.514976400000000000e+09,-9.665999999999999659e+01
4.514976600000000000e+09,-9.756000000000000227e+01
4.514976800000000000e+09,-9.760000000000000853e+01
4.514977000000000000e+09,-9.729000000000000625e+01
4.514977200000000000e+09,-9.696000000000000796e+01
4.514977400000000000e+09,-9.676000000000000512e+01
4.514977600000000000e+09,-9.709000000000000341e+01
4.514977800000000000e+09,-9.726999999999999602e+01
4.514978000000000000e+09,-9.734000000000000341e+01
4.514978200000000000e+09,-9.679999999999999716e+01
4.514978400000000000e+09,-9.595000000000000284e+01
4.514978600000000000e+09,-9.562999999999999545e+01
4.514978800000000000e+09,-9.685000000000000853e+01
4.514979000000000000e+09,-9.671999999999999886e+01
4.514979200000000000e+09,-9.690000000000000568e+01
4.514979400000000000e+09,-9.700000000000000000e+01
4.514979600000000000e+09,-9.679999999999999716e+01
4.514979800000000000e+09,-9.626999999999999602e+01
4.514980000000000000e+09,-9.559000000000000341e+01
4.514980200000000000e+09,-9.637999999999999545e+01
4.514980400000000000e+09,-9.667000000000000171e+01
4.514980600000000000e+09,-9.685999999999999943e+01
4.514980800000000000e+09,-9.671999999999999886e+01
4.514981000000000000e+09,-9.668000000000000682e+01
4.514981200000000000e+09,-9.659000000000000341e+01
4.514981400000000000e+09,-9.610999999999999943e+01
4.514981600000000000e+09,-9.643000000000000682e+01
4.514981800000000000e+09,-9.559000000000000341e+01
4.514982000000000000e+09,-9.548000000000000398e+01
4.514982200000000000e+09,-9.568999999999999773e+01
4.514982400000000000e+09,-9.685999999999999943e+01
4.514982600000000000e+09,-9.685999999999999943e+01
4.514982800000000000e+09,-9.734000000000000341e+01
4.514983000000000000e+09,-9.673000000000000398e+01
4.514983200000000000e+09,-9.650000000000000000e+01
4.514983400000000000e+09,-9.664000000000000057e+01
4.514983600000000000e+09,-9.704999999999999716e+01
4.514983800000000000e+09,-9.596000000000000796e+01
4.514984000000000000e+09,-9.575000000000000000e+01
4.514984200000000000e+09,-9.584000000000000341e+01
4.514984400000000000e+09,-9.603000000000000114e+01
4.514984600000000000e+09,-9.673000000000000398e+01
4.514984800000000000e+09,-9.632000000000000739e+01
4.514985000000000000e+09,-9.643000000000000682e+01
4.514985200000000000e+09,-9.587000000000000455e+01
4.514985400000000000e+09,-9.540000000000000568e+01
4.514985600000000000e+09,-9.498999999999999488e+01
4.514985800000000000e+09,-9.492000000000000171e+01
4.514986000000000000e+09,-9.475000000000000000e+01
4.514986200000000000e+09,-9.410000000000000853e+01
4.514986400000000000e+09,-9.457999999999999829e+01
4.514986600000000000e+09,-9.432999999999999829e+01
4.514986800000000000e+09,-9.415999999999999659e+01
4.514987000000000000e+09,-9.501999999999999602e+01
4.514987200000000000e+09,-9.462999999999999545e+01
4.514987400000000000e+09,-9.421999999999999886e+01
4.514987600000000000e+09,-9.435999999999999943e+01
4.514987800000000000e+09,-9.456000000000000227e+01
4.514988000000000000e+09,-9.468000000000000682e+01
4.514988200000000000e+09,-9.470000000000000284e+01
4.514988400000000000e+09,-9.512999999999999545e+01
4.514988600000000000e+09,-9.567000000000000171e+01
4.514988800000000000e+09,-9.442000000000000171e+01
4.514989000000000000e+09,-9.496999999999999886e+01
4.514989200000000000e+09,-9.404000000000000625e+01
4.514989400000000000e+09,-9.415999999999999659e+01
4.514989600000000000e+09,-9.345000000000000284e+01
4.514989800000000000e+09,-9.346999999999999886e+01
4.514990000000000000e+09,-9.460000000000000853e+01
4.514990200000000000e+09,-9.432000000000000739e+01
4.514990400000000000e+09,-9.354999999999999716e+01
4.514990600000000000e+09,-9.260999999999999943e+01
4.514990800000000000e+09,-9.318999999999999773e+01
4.514991000000000000e+09,-9.373999999999999488e+01
4.514991200000000000e+09,-9.481000000000000227e+01
4.514991400000000000e+09,-9.389000000000000057e+01
4.514991600000000000e+09,-9.354000000000000625e+01
4.514991800000000000e+09,-9.221000000000000796e+01
4.514992000000000000e+09,-9.153000000000000114e+01
4.514992200000000000e+09,-9.210999999999999943e+01
4.514992400000000000e+09,-9.223999999999999488e+01
4.514992600000000000e+09,-9.181000000000000227e+01
4.514992800000000000e+09,-9.140999999999999659e+01
4.514993000000000000e+09,-9.301999999999999602e+01
4.514993200000000000e+09,-9.285000000000000853e+01
4.514993400000000000e+09,-9.207999999999999829e+01
4.514993600000000000e+09,-9.173999999999999488e+01
4.514993800000000000e+09,-9.106000000000000227e+01
4.514994000000000000e+09,-8.998999999999999488e+01
4.514994200000000000e+09,-8.993999999999999773e+01
4.514994400000000000e+09,-9.000000000000000000e+01
4.514994600000000000e+09,-9.082000000000000739e+01
4.514994800000000000e+09,-9.046999999999999886e+01
4.514995000000000000e+09,-8.885999999999999943e+01
4.514995200000000000e+09,-8.859000000000000341e+01
4.514995400000000000e+09,-8.985999999999999943e+01
4.514995600000000000e+09,-8.862999999999999545e+01
4.514995800000000000e+09,-8.737999999999999545e+01
4.514996000000000000e+09,-8.779000000000000625e+01
4.514996200000000000e+09,-8.821999999999999886e+01
4.514996400000000000e+09,-8.673999999999999488e+01
4.514996600000000000e+09,-8.726999999999999602e+01
4.514996800000000000e+09,-8.785000000000000853e+01
4.514997000000000000e+09,-8.640000000000000568e+01
4.514997200000000000e+09,-8.575000000000000000e+01
4.514997400000000000e+09,-8.437000000000000455e+01
4.514997600000000000e+09,-8.414000000000000057e+01
4.514997800000000000e+09,-8.429000000000000625e+01
4.514998000000000000e+09,-8.354999999999999716e+01
4.514998200000000000e+09,-8.229999999999999716e+01
4.514998400000000000e+09,-8.076999999999999602e+01
4.514998600000000000e+09,-8.015999999999999659e+01
4.514998800000000000e+09,-7.885999999999999943e+01
4.514999000000000000e+09,-7.804999999999999716e+01
4.514999200000000000e+09,-7.635000000000000853e+01
4.514999400000000000e+09,-7.498000000000000398e+01
4.514999600000000000e+09,-7.339000000000000057e+01
4.514999800000000000e+09,-7.148000000000000398e+01
4.515000000000000000e+09,-6.987999999999999545e+01
4.515000200000000000e+09,-6.807000000000000739e+01
4.515000400000000000e+09,-6.626000000000000512e+01
4.515000600000000000e+09,-6.426000000000000512e+01
4.515000800000000000e+09,-6.214000000000000057e+01
4.515001000000000000e+09,-6.003999999999999915e+01
4.515001200000000000e+09,-5.774000000000000199e+01
4.515001400000000000e+09,-5.534000000000000341e+01
4.515001600000000000e+09,-5.303000000000000114e+01
4.515001800000000000e+09,-5.042999999999999972e+01
4.515002000000000000e+09,-4.757000000000000028e+01
4.515002200000000000e+09,-4.460000000000000142e+01
4.515002400000000000e+09,-4.171000000000000085e+01
4.515002600000000000e+09,-3.860999999999999943e+01
4.515002800000000000e+09,-3.549000000000000199e+01
4.515003000000000000e+09,-3.242999999999999972e+01
4.515003200000000000e+09,-2.935999999999999943e+01
4.515003400000000000e+09,-2.639000000000000057e+01
4.515003600000000000e+09,-2.357000000000000028e+01
4.515003800000000000e+09,-2.112000000000000099e+01
4.515004000000000000e+09,-1.908999999999999986e+01
4.515004200000000000e+09,-1.787999999999999901e+01
4.515004400000000000e+09,-1.742000000000000171e+01
4.515004600000000000e+09,-1.712000000000000099e+01
4.515004800000000000e+09,-1.751999999999999957e+01
4.515005000000000000e+09,-1.883999999999999986e+01
4.515005200000000000e+09,-2.021000000000000085e+01
4.515005400000000000e+09,-2.219000000000000128e+01
4.515005600000000000e+09,-2.469999999999999929e+01
4.515005800000000000e+09,-2.760000000000000142e+01
4.515006000000000000e+09,-3.074000000000000199e+01
4.515006200000000000e+09,-3.393999999999999773e+01
4.515006400000000000e+09,-3.709000000000000341e+01
4.515006600000000000e+09,-4.035000000000000142e+01
4.515006800000000000e+09,-4.332999999999999829e+01
4.515007000000000000e+09,-4.635999999999999943e+01
4.515007200000000000e+09,-4.903000000000000114e+01
4.515007400000000000e+09,-5.167999999999999972e+01
4.515007600000000000e+09,-5.434000000000000341e+01
4.515007800000000000e+09,-5.682000000000000028e+01
4.515008000000000000e+09,-5.914999999999999858e+01
4.515008200000000000e+09,-6.132999999999999829e+01
4.515008400000000000e+09,-6.339000000000000057e+01
4.515008600000000000e+09,-6.545000000000000284e+01
4.515008800000000000e+09,-6.726999999999999602e+01
4.515009000000000000e+09,-6.893000000000000682e+01
4.515009200000000000e+09,-7.068000000000000682e+01
4.515009400000000000e+09,-7.253000000000000114e+01
4.515009600000000000e+09,-7.401000000000000512e+01
4.515009800000000000e+09,-7.542000000000000171e+01
4.515010000000000000e+09,-7.718000000000000682e+01
4.515010200000000000e+09,-7.851999999999999602e+01
4.515010400000000000e+09,-7.981000000000000227e+01
4.515010600000000000e+09,-8.026000000000000512e+01
4.515010800000000000e+09,-8.201999999999999602e+01
4.515011000000000000e+09,-8.226000000000000512e+01
4.515011200000000000e+09,-8.253000000000000114e+01
4.515011400000000000e+09,-8.365999999999999659e+01
4.515011600000000000e+09,-8.501000000000000512e+01
4.515011800000000000e+09,-8.546000000000000796e+01
4.515012000000000000e+09,-8.660999999999999943e+01
4.515012200000000000e+09,-8.765000000000000568e+01
4.515012400000000000e+09,-8.690000000000000568e+01
4.515012600000000000e+09,-8.676999999999999602e+01
4.515012800000000000e+09,-8.750000000000000000e+01
4.515013000000000000e+09,-8.887999999999999545e+01
4.515013200000000000e+09,-8.812000000000000455e+01
4.515013400000000000e+09,-8.795000000000000284e+01
4.515013600000000000e+09,-8.868999999999999773e+01
4.515013800000000000e+09,-8.843999999999999773e+01
4.515014000000000000e+09,-8.964000000000000057e+01
4.515014200000000000e+09,-9.035000000000000853e+01
4.515014400000000000e+09,-9.057999999999999829e+01
4.515014600000000000e+09,-9.193999999999999773e+01
4.515014800000000000e+09,-9.173000000000000398e+01
4.515015000000000000e+09,-9.203000000000000114e+01
4.515015200000000000e+09,-9.120000000000000284e+01
4.515015400000000000e+09,-9.126999999999999602e+01
4.515015600000000000e+09,-9.110000000000000853e+01
4.515015800000000000e+09,-9.223000000000000398e+01
4.515016000000000000e+09,-9.195000000000000284e+01
4.515016200000000000e+09,-9.312000000000000455e+01
4.515016400000000000e+09,-9.300000000000000000e+01
4.515016600000000000e+09,-9.226000000000000512e+01
4.515016800000000000e+09,-9.235999999999999943e+01
4.515017000000000000e+09,-9.279000000000000625e+01
4.515017200000000000e+09,-9.289000000000000057e+01
4.515017400000000000e+09,-9.289000000000000057e+01
4.515017600000000000e+09,-9.354999999999999716e+01
4.515017800000000000e+09,-9.181000000000000227e+01
4.515018000000000000e+09,-9.139000000000000057e+01
4.515018200000000000e+09,-9.320000000000000284e+01
4.515018400000000000e+09,-9.357999999999999829e+01
4.515018600000000000e+09,-9.382999999999999829e+01
4.515018800000000000e+09,-9.479000000000000625e+01
4.515019000000000000e+09,-9.437000000000000455e+01
4.515019200000000000e+09,-9.398999999999999488e+01
4.515019400000000000e+09,-9.426000000000000512e+01
4.515019600000000000e+09,-9.385000000000000853e+01
4.515019800000000000e+09,-9.431000000000000227e+01
4.515020000000000000e+09,-9.448999999999999488e+01
4.515020200000000000e+09,-9.443000000000000682e+01
4.515020400000000000e+09,-9.507999999999999829e+01
4.515020600000000000e+09,-9.537999999999999545e+01
4.515020800000000000e+09,-9.496999999999999886e+01
4.515021000000000000e+09,-9.440000000000000568e+01
4.515021200000000000e+09,-9.425000000000000000e+01
4.515021400000000000e+09,-9.396999999999999886e+01
4.515021600000000000e+09,-9.451000000000000512e+01
4.515021800000000000e+09,-9.457000000000000739e+01
4.515022000000000000e+09,-9.365999999999999659e+01
4.515022200000000000e+09,-9.437000000000000455e+01
4.515022400000000000e+09,-9.537000000000000455e+01
4.515022600000000000e+09,-9.371000000000000796e+01
4.515022800000000000e+09,-9.432000000000000739e+01
4.515023000000000000e+09,-9.445000000000000284e+01
4.515023200000000000e+09,-9.507999999999999829e+01
4.515023400000000000e+09,-9.607999999999999829e+01
4.515023600000000000e+09,-9.634000000000000341e+01
4.515023800000000000e+09,-9.649000000000000909e+01
4.515024000000000000e+09,-9.607999999999999829e+01
4.515024200000000000e+09,-9.465000000000000568e+01
4.515024400000000000e+09,-9.490000000000000568e+01
4.515024600000000000e+09,-9.574000000000000909e+01
4.515024800000000000e+09,-9.528000000000000114e+01
4.515025000000000000e+09,-9.585999999999999943e+01
4.515025200000000000e+09,-9.574000000000000909e+01
4.515025400000000000e+09,-9.639000000000000057e+01
4.515025600000000000e+09,-9.675000000000000000e+01
4.515025800000000000e+09,-9.615000000000000568e+01
4.515026000000000000e+09,-9.579000000000000625e+01
4.515026200000000000e+09,-9.670000000000000284e+01
4.515026400000000000e+09,-9.632000000000000739e+01
4.515026600000000000e+09,-9.618999999999999773e+01
4.515026800000000000e+09,-9.607999999999999829e+01
4.515027000000000000e+09,-9.610999999999999943e+01
4.515027200000000000e+09,-9.660999999999999943e+01
4.515027400000000000e+09,-9.625000000000000000e+01
4.515027600000000000e+09,-9.625000000000000000e+01
4.515027800000000000e+09,-9.653000000000000114e+01
4.515028000000000000e+09,-9.610000000000000853e+01
4.515028200000000000e+09,-9.707999999999999829e+01
4.515028400000000000e+09,-9.721000000000000796e+01
4.515028600000000000e+09,-9.720000000000000284e+01
4.515028800000000000e+09,-9.568000000000000682e+01
4.515029000000000000e+09,-9.576999999999999602e+01
4.515029200000000000e+09,-9.604000000000000625e+01
4.515029400000000000e+09,-9.662000000000000455e+01
4.515029600000000000e+09,-9.660999999999999943e+01
4.515029800000000000e+09,-9.656000000000000227e+01
4.515030000000000000e+09,-9.715999999999999659e+01
4.515030200000000000e+09,-9.696999999999999886e+01
4.515030400000000000e+09,-9.678000000000000114e+01
4.515030600000000000e+09,-9.662999999999999545e+01
4.515030800000000000e+09,-9.676000000000000512e+01
4.515031000000000000e+09,-9.640000000000000568e+01
4.515031200000000000e+09,-9.660999999999999943e+01
4.515031400000000000e+09,-9.637999999999999545e+01
4.515031600000000000e+09,-9.704000000000000625e+01
4.515031800000000000e+09,-9.735000000000000853e+01
4.515032000000000000e+09,-9.656000000000000227e+01
4.515032200000000000e+09,-9.626999999999999602e+01
4.515032400000000000e+09,-9.707000000000000739e+01
4.515032600000000000e+09,-9.668000000000000682e+01
4.515032800000000000e+09,-9.635000000000000853e+01
4.515033000000000000e+09,-9.595000000000000284e+01
4.515033200000000000e+09,-9.612999999999999545e+01
4.515033400000000000e+09,-9.585000000000000853e+01
4.515033600000000000e+09,-9.720000000000000284e+01
4.515033800000000000e+09,-9.759000000000000341e+01
4.515034000000000000e+09,-9.721999999999999886e+01
4.515034200000000000e+09,-9.734000000000000341e+01
4.515034400000000000e+09,-9.726000000000000512e+01
4.515034600000000000e+09,-9.753000000000000114e+01
4.515034800000000000e+09,-9.795000000000000284e+01
4.515035000000000000e+09,-9.759000000000000341e+01
4.515035200000000000e+09,-9.799000000000000909e+01
4.515035400000000000e+09,-9.762999999999999545e+01
4.515035600000000000e+09,-9.720000000000000284e+01
4.515035800000000000e+09,-9.698000000000000398e+01
4.515036000000000000e+09,-9.685999999999999943e+01
4.515036200000000000e+09,-9.643000000000000682e+01
4.515036400000000000e+09,-9.732999999999999829e+01
4.515036600000000000e+09,-9.749000000000000909e+01
4.515036800000000000e+09,-9.757000000000000739e+01
4.515037000000000000e+09,-9.776999999999999602e+01
4.515037200000000000e+09,-9.776000000000000512e+01
4.515037400000000000e+09,-9.726000000000000512e+01
4.515037600000000000e+09,-9.712999999999999545e+01
4.515037800000000000e+09,-9.729999999999999716e+01
4.515038000000000000e+09,-9.793000000000000682e+01
4.515038200000000000e+09,-9.731000000000000227e+01
4.515038400000000000e+09,-9.699000000000000909e+01
4.515038600000000000e+09,-9.762999999999999545e+01
4.515038800000000000e+09,-9.782000000000000739e+01
4.515039000000000000e+09,-9.721999999999999886e+01
4.515039200000000000e+09,-9.693000000000000682e+01
4.515039400000000000e+09,-9.746000000000000796e+01
4.515039600000000000e+09,-9.740000000000000568e+01
4.515039800000000000e+09,-9.749000000000000909e+01
4.515040000000000000e+09,-9.712999999999999545e+01
4.515040200000000000e+09,-9.750000000000000000e+01
4.515040400000000000e+09,-9.771999999999999886e+01
4.515040600000000000e+09,-9.799000000000000909e+01
4.515040800000000000e+09,-9.789000000000000057e+01
4.515041000000000000e+09,-9.796000000000000796e+01
4.515041200000000000e+09,-9.771000000000000796e+01
4.515041400000000000e+09,-9.739000000000000057e+01
4.515041600000000000e+09,-9.735000000000000853e+01
4.515041800000000000e+09,-9.724000000000000909e+01
4.515042000000000000e+09,-9.712000000000000455e+01
4.515042200000000000e+09,-9.684000000000000341e+01
4.515042400000000000e+09,-9.765000000000000568e+01
4.515042600000000000e+09,-9.743000000000000682e+01
4.515042800000000000e+09,-9.762000000000000455e+01
4.515043000000000000e+09,-9.750000000000000000e+01
4.515043200000000000e+09,-9.771999999999999886e+01
4.515043400000000000e+09,-9.785999999999999943e+01
4.515043600000000000e+09,-9.718000000000000682e+01
4.515043800000000000e+09,-9.681000000000000227e+01
4.515044000000000000e+09,-9.768000000000000682e+01
4.515044200000000000e+09,-9.796000000000000796e+01
4.515044400000000000e+09,-9.762999999999999545e+01
4.515044600000000000e+09,-9.712999999999999545e+01
4.515044800000000000e+09,-9.685000000000000853e+01
4.515045000000000000e+09,-9.782999999999999829e+01
4.515045200000000000e+09,-9.762999999999999545e+01
4.515045400000000000e+09,-9.720000000000000284e+01
4.515045600000000000e+09,-9.684000000000000341e+01
4.515045800000000000e+09,-9.740999999999999659e+01
4.515046000000000000e+09,-9.718000000000000682e+01
4.515046200000000000e+09,-9.779000000000000625e+01
4.515046400000000000e+09,-9.767000000000000171e+01
4.515046600000000000e+09,-9.749000000000000909e+01
4.515046800000000000e+09,-9.750000000000000000e+01
4.515047000000000000e+09,-9.796000000000000796e+01
4.515047200000000000e+09,-9.781000000000000227e+01
4.515047400000000000e+09,-9.762999999999999545e+01
4.515047600000000000e+09,-9.757000000000000739e+01
4.515047800000000000e+09,-9.759000000000000341e+01
4.515048000000000000e+09,-9.734000000000000341e+01
4.515048200000000000e+09,-9.790000000000000568e+01
4.515048400000000000e+09,-9.750000000000000000e+01
4.515048600000000000e+09,-9.790000000000000568e+01
4.515048800000000000e+09,-9.799000000000000909e+01
4.515049000000000000e+09,-9.785000000000000853e+01
4.515049200000000000e+09,-9.795000000000000284e+01
4.515049400000000000e+09,-9.781000000000000227e+01
4.515049600000000000e+09,-9.749000000000000909e+01
4.515049800000000000e+09,-9.762999999999999545e+01
4.515050000000000000e+09,-9.726999999999999602e+01
7.524950000000000000e+09,-9.804000000000000625e+01
7.524950200000000000e+09,-9.787999999999999545e+01
7.524950400000000000e+09,-9.803000000000000114e+01
7.524950600000000000e+09,-9.793999999999999773e+01
7.524950800000000000e+09,-9.795000000000000284e+01
7.524951000000000000e+09,-9.782999999999999829e+01
7.524951200000000000e+09,-9.793000000000000682e+01
7.524951400000000000e+09,-9.807999999999999829e+01
7.524951600000000000e+09,-9.790999999999999659e+01
7.524951800000000000e+09,-9.799000000000000909e+01
7.524952000000000000e+09,-9.793000000000000682e+01
7.524952200000000000e+09,-9.809000000000000341e+01
7.524952400000000000e+09,-9.795000000000000284e+01
7.524952600000000000e+09,-9.809000000000000341e+01
7.524952800000000000e+09,-9.806000000000000227e+01
7.524953000000000000e+09,-9.807999999999999829e+01
7.524953200000000000e+09,-9.807999999999999829e+01
7.524953400000000000e+09,-9.790000000000000568e+01
7.524953600000000000e+09,-9.801999999999999602e+01
7.524953800000000000e+09,-9.806000000000000227e+01
7.524954000000000000e+09,-9.804000000000000625e+01
7.524954200000000000e+09,-9.801000000000000512e+01
7.524954400000000000e+09,-9.809000000000000341e+01
7.524954600000000000e+09,-9.804000000000000625e+01
7.524954800000000000e+09,-9.795000000000000284e+01
7.524955000000000000e+09,-9.792000000000000171e+01
7.524955200000000000e+09,-9.814000000000000057e+01
7.524955400000000000e+09,-9.804999999999999716e+01
7.524955600000000000e+09,-9.810999999999999943e+01
7.524955800000000000e+09,-9.804999999999999716e+01
7.524956000000000000e+09,-9.793000000000000682e+01
7.524956200000000000e+09,-9.804999999999999716e+01
7.524956400000000000e+09,-9.796999999999999886e+01
7.524956600000000000e+09,-9.807999999999999829e+01
7.524956800000000000e+09,-9.795000000000000284e+01
7.524957000000000000e+09,-9.807000000000000739e+01
7.524957200000000000e+09,-9.799000000000000909e+01
7.524957400000000000e+09,-9.809000000000000341e+01
7.524957600000000000e+09,-9.809000000000000341e+01
7.524957800000000000e+09,-9.804000000000000625e+01
7.524958000000000000e+09,-9.801999999999999602e+01
7.524958200000000000e+09,-9.807999999999999829e+01
7.524958400000000000e+09,-9.792000000000000171e+01
7.524958600000000000e+09,-9.815000000000000568e+01
7.524958800000000000e+09,-9.809000000000000341e+01
7.524959000000000000e+09,-9.800000000000000000e+01
7.524959200000000000e+09,-9.800000000000000000e+01
7.524959400000000000e+09,-9.804999999999999716e+01
7.524959600000000000e+09,-9.793999999999999773e+01
7.524959800000000000e+09,-9.785999999999999943e+01
7.524960000000000000e+09,-9.771999999999999886e+01
7.524960200000000000e+09,-9.800000000000000000e+01
7.524960400000000000e+09,-9.806000000000000227e+01
7.524960600000000000e+09,-9.801000000000000512e+01
7.524960800000000000e+09,-9.796999999999999886e+01
7.524961000000000000e+09,-9.803000000000000114e+01
7.524961200000000000e+09,-9.792000000000000171e+01
7.524961400000000000e+09,-9.803000000000000114e+01
7.524961600000000000e+09,-9.799000000000000909e+01
7.524961800000000000e+09,-9.773000000000000398e+01
7.524962000000000000e+09,-9.793000000000000682e+01
7.524962200000000000e+09,-9.782000000000000739e+01
7.524962400000000000e+09,-9.796999999999999886e+01
7.524962600000000000e+09,-9.801999999999999602e+01
7.524962800000000000e+09,-9.795000000000000284e+01
7.524963000000000000e+09,-9.793000000000000682e+01
7.524963200000000000e+09,-9.803000000000000114e+01
7.524963400000000000e+09,-9.803000000000000114e+01
7.524963600000000000e+09,-9.801999999999999602e+01
7.524963800000000000e+09,-9.796999999999999886e+01
7.524964000000000000e+09,-9.810999999999999943e+01
7.524964200000000000e+09,-9.812999999999999545e+01
7.524964400000000000e+09,-9.804000000000000625e+01
7.524964600000000000e+09,-9.796000000000000796e+01
7.524964800000000000e+09,-9.796999999999999886e+01
7.524965000000000000e+09,-9.801999999999999602e+01
7.524965200000000000e+09,-9.801999999999999602e+01
7.524965400000000000e+09,-9.801000000000000512e+01
7.524965600000000000e+09,-9.801000000000000512e+01
7.524965800000000000e+09,-9.796000000000000796e+01
7.524966000000000000e+09,-9.809000000000000341e+01
7.524966200000000000e+09,-9.801999999999999602e+01
7.524966400000000000e+09,-9.795000000000000284e+01
7.524966600000000000e+09,-9.793000000000000682e+01
7.524966800000000000e+09,-9.812000000000000455e+01
7.524967000000000000e+09,-9.810999999999999943e+01
7.524967200000000000e+09,-9.812999999999999545e+01
7.524967400000000000e+09,-9.807000000000000739e+01
7.524967600000000000e+09,-9.803000000000000114e+01
7.524967800000000000e+09,-9.812000000000000455e+01
7.524968000000000000e+09,-9.801999999999999602e+01
7.524968200000000000e+09,-9.801000000000000512e+01
7.524968400000000000e+09,-9.807000000000000739e+01
7.524968600000000000e+09,-9.793000000000000682e+01
7.524968800000000000e+09,-9.814000000000000057e+01
7.524969000000000000e+09,-9.817000000000000171e+01
7.524969200000000000e+09,-9.801000000000000512e+01
7.524969400000000000e+09,-9.790000000000000568e+01
7.524969600000000000e+09,-9.798000000000000398e+01
7.524969800000000000e+09,-9.795000000000000284e+01
7.524970000000000000e+09,-9.807999999999999829e+01
7.524970200000000000e+09,-9.787999999999999545e+01
7.524970400000000000e+09,-9.770000000000000284e+01
7.524970600000000000e+09,-9.803000000000000114e+01
7.524970800000000000e+09,-9.796999999999999886e+01
7.524971000000000000e+09,-9.790999999999999659e+01
7.524971200000000000e+09,-9.785999999999999943e+01
7.524971400000000000e+09,-9.810000000000000853e+01
7.524971600000000000e+09,-9.807000000000000739e+01
7.524971800000000000e+09,-9.812999999999999545e+01
7.524972000000000000e+09,-9.807999999999999829e+01
7.524972200000000000e+09,-9.807999999999999829e+01
7.524972400000000000e+09,-9.804000000000000625e+01
7.524972600000000000e+09,-9.796999999999999886e+01
7.524972800000000000e+09,-9.793000000000000682e+01
7.524973000000000000e+09,-9.796999999999999886e+01
7.524973200000000000e+09,-9.810999999999999943e+01
7.524973400000000000e+09,-9.801999999999999602e+01
7.524973600000000000e+09,-9.810999999999999943e+01
7.524973800000000000e+09,-9.803000000000000114e+01
7.524974000000000000e+09,-9.806000000000000227e+01
7.524974200000000000e+09,-9.796999999999999886e+01
7.524974400000000000e+09,-9.773000000000000398e+01
7.524974600000000000e+09,-9.796999999999999886e+01
7.524974800000000000e+09,-9.776000000000000512e+01
7.524975000000000000e+09,-9.784000000000000341e+01
7.524975200000000000e+09,-9.776000000000000512e+01
7.524975400000000000e+09,-9.785000000000000853e+01
7.524975600000000000e+09,-9.790000000000000568e+01
7.524975800000000000e+09,-9.798000000000000398e+01
7.524976000000000000e+09,-9.787999999999999545e+01
7.524976200000000000e+09,-9.799000000000000909e+01
7.524976400000000000e+09,-9.796000000000000796e+01
7.524976600000000000e+09,-9.801000000000000512e+01
7.524976800000000000e+09,-9.804000000000000625e+01
7.524977000000000000e+09,-9.804999999999999716e+01
7.524977200000000000e+09,-9.806000000000000227e+01
7.524977400000000000e+09,-9.796000000000000796e+01
7.524977600000000000e+09,-9.804999999999999716e+01
7.524977800000000000e+09,-9.801000000000000512e+01
7.524978000000000000e+09,-9.796999999999999886e+01
7.524978200000000000e+09,-9.799000000000000909e+01
7.524978400000000000e+09,-9.798000000000000398e+01
7.524978600000000000e+09,-9.800000000000000000e+01
7.524978800000000000e+09,-9.776000000000000512e+01
7.524979000000000000e+09,-9.790999999999999659e+01
7.524979200000000000e+09,-9.796999999999999886e+01
7.524979400000000000e+09,-9.796000000000000796e+01
7.524979600000000000e+09,-9.801999999999999602e+01
7.524979800000000000e+09,-9.771999999999999886e+01
7.524980000000000000e+09,-9.795000000000000284e+01
7.524980200000000000e+09,-9.801999999999999602e+01
7.524980400000000000e+09,-9.798000000000000398e+01
7.524980600000000000e+09,-9.796000000000000796e+01
7.524980800000000000e+09,-9.804000000000000625e+01
7.524981000000000000e+09,-9.779000000000000625e+01
7.524981200000000000e+09,-9.792000000000000171e+01
7.524981400000000000e+09,-9.803000000000000114e+01
7.524981600000000000e+09,-9.803000000000000114e+01
7.524981800000000000e+09,-9.785000000000000853e+01
7.524982000000000000e+09,-9.790999999999999659e+01
7.524982200000000000e+09,-9.796000000000000796e+01
7.524982400000000000e+09,-9.792000000000000171e+01
7.524982600000000000e+09,-9.793999999999999773e+01
7.524982800000000000e+09,-9.795000000000000284e+01
7.524983000000000000e+09,-9.790999999999999659e+01
7.524983200000000000e+09,-9.778000000000000114e+01
7.524983400000000000e+09,-9.790000000000000568e+01
7.524983600000000000e+09,-9.793000000000000682e+01
7.524983800000000000e+09,-9.775000000000000000e+01
7.524984000000000000e+09,-9.790000000000000568e+01
7.524984200000000000e+09,-9.779000000000000625e+01
7.524984400000000000e+09,-9.792000000000000171e+01
7.524984600000000000e+09,-9.790999999999999659e+01
7.524984800000000000e+09,-9.784000000000000341e+01
7.524985000000000000e+09,-9.790999999999999659e+01
7.524985200000000000e+09,-9.792000000000000171e+01
7.524985400000000000e+09,-9.814000000000000057e+01
7.524985600000000000e+09,-9.795000000000000284e+01
7.524985800000000000e+09,-9.778000000000000114e+01
7.524986000000000000e+09,-9.795000000000000284e+01
7.524986200000000000e+09,-9.787999999999999545e+01
7.524986400000000000e+09,-9.795000000000000284e+01
7.524986600000000000e+09,-9.796999999999999886e+01
7.524986800000000000e+09,-9.770000000000000284e+01
7.524987000000000000e+09,-9.768999999999999773e+01
7.524987200000000000e+09,-9.787999999999999545e+01
7.524987400000000000e+09,-9.748000000000000398e+01
7.524987600000000000e+09,-9.762000000000000455e+01
7.524987800000000000e+09,-9.775000000000000000e+01
7.524988000000000000e+09,-9.782999999999999829e+01
7.524988200000000000e+09,-9.796999999999999886e+01
7.524988400000000000e+09,-9.804000000000000625e+01
7.524988600000000000e+09,-9.793999999999999773e+01
7.524988800000000000e+09,-9.782999999999999829e+01
7.524989000000000000e+09,-9.778000000000000114e+01
7.524989200000000000e+09,-9.771000000000000796e+01
7.524989400000000000e+09,-9.782000000000000739e+01
7.524989600000000000e+09,-9.787000000000000455e+01
7.524989800000000000e+09,-9.789000000000000057e+01
7.524990000000000000e+09,-9.754999999999999716e+01
7.524990200000000000e+09,-9.757999999999999829e+01
7.524990400000000000e+09,-9.765999999999999659e+01
7.524990600000000000e+09,-9.782999999999999829e+01
7.524990800000000000e+09,-9.760999999999999943e+01
7.524991000000000000e+09,-9.775000000000000000e+01
7.524991200000000000e+09,-9.778000000000000114e+01
7.524991400000000000e+09,-9.760999999999999943e+01
7.524991600000000000e+09,-9.774000000000000909e+01
7.524991800000000000e+09,-9.745000000000000284e+01
7.524992000000000000e+09,-9.762999999999999545e+01
7.524992200000000000e+09,-9.771999999999999886e+01
7.524992400000000000e+09,-9.762000000000000455e+01
7.524992600000000000e+09,-9.762999999999999545e+01
7.524992800000000000e+09,-9.748000000000000398e+01
7.524993000000000000e+09,-9.732000000000000739e+01
7.524993200000000000e+09,-9.732000000000000739e+01
7.524993400000000000e+09,-9.764000000000000057e+01
7.524993600000000000e+09,-9.768999999999999773e+01
7.524993800000000000e+09,-9.784000000000000341e+01
7.524994000000000000e+09,-9.790000000000000568e+01
7.524994200000000000e+09,-9.765999999999999659e+01
7.524994400000000000e+09,-9.740000000000000568e+01
7.524994600000000000e+09,-9.732000000000000739e+01
7.524994800000000000e+09,-9.729000000000000625e+01
7.524995000000000000e+09,-9.753000000000000114e+01
7.524995200000000000e+09,-9.742000000000000171e+01
7.524995400000000000e+09,-9.714000000000000057e+01
7.524995600000000000e+09,-9.751999999999999602e+01
7.524995800000000000e+09,-9.751999999999999602e+01
7.524996000000000000e+09,-9.775000000000000000e+01
7.524996200000000000e+09,-9.762999999999999545e+01
7.524996400000000000e+09,-9.751999999999999602e+01
7.524996600000000000e+09,-9.728000000000000114e+01
7.524996800000000000e+09,-9.696999999999999886e+01
7.524997000000000000e+09,-9.729000000000000625e+01
7.524997200000000000e+09,-9.723000000000000398e+01
7.524997400000000000e+09,-9.685000000000000853e+01
7.524997600000000000e+09,-9.662999999999999545e+01
7.524997800000000000e+09,-9.720000000000000284e+01
7.524998000000000000e+09,-9.679000000000000625e+01
7.524998200000000000e+09,-9.646999999999999886e+01
7.524998400000000000e+09,-9.612000000000000455e+01
7.524998600000000000e+09,-9.649000000000000909e+01
7.524998800000000000e+09,-9.596999999999999886e+01
7.524999000000000000e+09,-9.610000000000000853e+01
7.524999200000000000e+09,-9.662000000000000455e+01
7.524999400000000000e+09,-9.662999999999999545e+01
7.524999600000000000e+09,-9.618000000000000682e+01
7.524999800000000000e+09,-9.585999999999999943e+01
7.525000000000000000e+09,-9.579000000000000625e+01
7.525000200000000000e+09,-9.603000000000000114e+01
7.525000400000000000e+09,-9.573000000000000398e+01
7.525000600000000000e+09,-9.485999999999999943e+01
7.525000800000000000e+09,-9.454999999999999716e+01
7.525001000000000000e+09,-9.393000000000000682e+01
7.525001200000000000e+09,-9.301999999999999602e+01
7.525001400000000000e+09,-9.251999999999999602e+01
7.525001600000000000e+09,-9.196999999999999886e+01
7.525001800000000000e+09,-9.076000000000000512e+01
7.525002000000000000e+09,-8.951000000000000512e+01
7.525002200000000000e+09,-8.787999999999999545e+01
7.525002400000000000e+09,-8.634000000000000341e+01
7.525002600000000000e+09,-8.482999999999999829e+01
7.525002800000000000e+09,-8.282999999999999829e+01
7.525003000000000000e+09,-8.107000000000000739e+01
7.525003200000000000e+09,-7.918999999999999773e+01
7.525003400000000000e+09,-7.720000000000000284e+01
7.525003600000000000e+09,-7.526000000000000512e+01
7.525003800000000000e+09,-7.287000000000000455e+01
7.525004000000000000e+09,-7.065999999999999659e+01
7.525004200000000000e+09,-6.835999999999999943e+01
7.525004400000000000e+09,-6.604000000000000625e+01
7.525004600000000000e+09,-6.346000000000000085e+01
7.525004800000000000e+09,-6.071000000000000085e+01
7.525005000000000000e+09,-5.810000000000000142e+01
7.525005200000000000e+09,-5.516000000000000369e+01
7.525005400000000000e+09,-5.228000000000000114e+01
7.525005600000000000e+09,-4.905000000000000426e+01
7.525005800000000000e+09,-4.603000000000000114e+01
7.525006000000000000e+09,-4.292000000000000171e+01
7.525006200000000000e+09,-4.002000000000000313e+01
7.525006400000000000e+09,-3.760000000000000142e+01
7.525006600000000000e+09,-3.527000000000000313e+01
7.525006800000000000e+09,-3.321999999999999886e+01
7.525007000000000000e+09,-3.187000000000000099e+01
7.525007200000000000e+09,-3.133000000000000185e+01
7.525007400000000000e+09,-3.101999999999999957e+01
7.525007600000000000e+09,-3.125000000000000000e+01
7.525007800000000000e+09,-3.238000000000000256e+01
7.525008000000000000e+09,-3.385999999999999943e+01
7.525008200000000000e+09,-3.585999999999999943e+01
7.525008400000000000e+09,-3.836999999999999744e+01
7.525008600000000000e+09,-4.132999999999999829e+01
7.525008800000000000e+09,-4.448000000000000398e+01
7.525009000000000000e+09,-4.784000000000000341e+01
7.525009200000000000e+09,-5.087000000000000455e+01
7.525009400000000000e+09,-5.410999999999999943e+01
7.525009600000000000e+09,-5.702000000000000313e+01
7.525009800000000000e+09,-5.985999999999999943e+01
7.525010000000000000e+09,-6.278000000000000114e+01
7.525010200000000000e+09,-6.551000000000000512e+01
7.525010400000000000e+09,-6.793999999999999773e+01
7.525010600000000000e+09,-7.034000000000000341e+01
7.525010800000000000e+09,-7.268999999999999773e+01
7.525011000000000000e+09,-7.512000000000000455e+01
7.525011200000000000e+09,-7.717000000000000171e+01
7.525011400000000000e+09,-7.931000000000000227e+01
7.525011600000000000e+09,-8.128000000000000114e+01
7.525011800000000000e+09,-8.331000000000000227e+01
7.525012000000000000e+09,-8.518000000000000682e+01
7.525012200000000000e+09,-8.679999999999999716e+01
7.525012400000000000e+09,-8.843999999999999773e+01
7.525012600000000000e+09,-8.956000000000000227e+01
7.525012800000000000e+09,-9.101999999999999602e+01
7.525013000000000000e+09,-9.146999999999999886e+01
7.525013200000000000e+09,-9.260999999999999943e+01
7.525013400000000000e+09,-9.339000000000000057e+01
7.525013600000000000e+09,-9.368000000000000682e+01
7.525013800000000000e+09,-9.401999999999999602e+01
7.525014000000000000e+09,-9.460999999999999943e+01
7.525014200000000000e+09,-9.434000000000000341e+01
7.525014400000000000e+09,-9.507000000000000739e+01
7.525014600000000000e+09,-9.532999999999999829e+01
7.525014800000000000e+09,-9.601999999999999602e+01
7.525015000000000000e+09,-9.623000000000000398e+01
7.525015200000000000e+09,-9.665000000000000568e+01
7.525015400000000000e+09,-9.665999999999999659e+01
7.525015600000000000e+09,-9.628000000000000114e+01
7.525015800000000000e+09,-9.640999999999999659e+01
7.525016000000000000e+09,-9.665999999999999659e+01
7.525016200000000000e+09,-9.657999999999999829e+01
7.525016400000000000e+09,-9.693000000000000682e+01
7.525016600000000000e+09,-9.676999999999999602e+01
7.525016800000000000e+09,-9.675000000000000000e+01
7.525017000000000000e+09,-9.678000000000000114e+01
7.525017200000000000e+09,-9.698000000000000398e+01
7.525017400000000000e+09,-9.723000000000000398e+01
7.525017600000000000e+09,-9.749000000000000909e+01
7.525017800000000000e+09,-9.751999999999999602e+01
7.525018000000000000e+09,-9.714000000000000057e+01
7.525018200000000000e+09,-9.698000000000000398e+01
7.525018400000000000e+09,-9.756000000000000227e+01
7.525018600000000000e+09,-9.735999999999999943e+01
7.525018800000000000e+09,-9.756000000000000227e+01
7.525019000000000000e+09,-9.734000000000000341e+01
7.525019200000000000e+09,-9.743000000000000682e+01
7.525019400000000000e+09,-9.759000000000000341e+01
7.525019600000000000e+09,-9.757999999999999829e+01
7.525019800000000000e+09,-9.748000000000000398e+01
7.525020000000000000e+09,-9.757999999999999829e+01
7.525020200000000000e+09,-9.768999999999999773e+01
7.525020400000000000e+09,-9.779000000000000625e+01
7.525020600000000000e+09,-9.760999999999999943e+01
7.525020800000000000e+09,-9.751000000000000512e+01
7.525021000000000000e+09,-9.754999999999999716e+01
7.525021200000000000e+09,-9.776000000000000512e+01
7.525021400000000000e+09,-9.759000000000000341e+01
7.525021600000000000e+09,-9.762000000000000455e+01
7.525021800000000000e+09,-9.754000000000000625e+01
7.525022000000000000e+09,-9.746000000000000796e+01
7.525022200000000000e+09,-9.743000000000000682e+01
7.525022400000000000e+09,-9.754999999999999716e+01
7.525022600000000000e+09,-9.768000000000000682e+01
7.525022800000000000e+09,-9.796000000000000796e+01
7.525023000000000000e+09,-9.779999999999999716e+01
7.525023200000000000e+09,-9.781000000000000227e+01
7.525023400000000000e+09,-9.749000000000000909e+01
7.525023600000000000e+09,-9.770000000000000284e+01
7.525023800000000000e+09,-9.775000000000000000e+01
7.525024000000000000e+09,-9.754999999999999716e+01
7.525024200000000000e+09,-9.746999999999999886e+01
7.525024400000000000e+09,-9.765999999999999659e+01
7.525024600000000000e+09,-9.765999999999999659e+01
7.525024800000000000e+09,-9.768999999999999773e+01
7.525025000000000000e+09,-9.760000000000000853e+01
7.525025200000000000e+09,-9.754999999999999716e+01
7.525025400000000000e+09,-9.760999999999999943e+01
7.525025600000000000e+09,-9.790999999999999659e+01
7.525025800000000000e+09,-9.785999999999999943e+01
7.525026000000000000e+09,-9.787999999999999545e+01
7.525026200000000000e+09,-9.799000000000000909e+01
7.525026400000000000e+09,-9.792000000000000171e+01
7.525026600000000000e+09,-9.767000000000000171e+01
7.525026800000000000e+09,-9.775000000000000000e+01
7.525027000000000000e+09,-9.776999999999999602e+01
7.525027200000000000e+09,-9.795000000000000284e+01
7.525027400000000000e+09,-9.765999999999999659e+01
7.525027600000000000e+09,-9.787999999999999545e+01
7.525027800000000000e+09,-9.784000000000000341e+01
7.525028000000000000e+09,-9.782999999999999829e+01
7.525028200000000000e+09,-9.789000000000000057e+01
7.525028400000000000e+09,-9.775000000000000000e+01
7.525028600000000000e+09,-9.770000000000000284e+01
7.525028800000000000e+09,-9.778000000000000114e+01
7.525029000000000000e+09,-9.798000000000000398e+01
7.525029200000000000e+09,-9.767000000000000171e+01
7.525029400000000000e+09,-9.793000000000000682e+01
7.525029600000000000e+09,-9.767000000000000171e+01
7.525029800000000000e+09,-9.782999999999999829e+01
7.525030000000000000e+09,-9.793000000000000682e+01
7.525030200000000000e+09,-9.789000000000000057e+01
7.525030400000000000e+09,-9.798000000000000398e+01
7.525030600000000000e+09,-9.799000000000000909e+01
7.525030800000000000e+09,-9.787000000000000455e+01
7.525031000000000000e+09,-9.775000000000000000e+01
7.525031200000000000e+09,-9.784000000000000341e+01
7.525031400000000000e+09,-9.765000000000000568e+01
7.525031600000000000e+09,-9.801999999999999602e+01
7.525031800000000000e+09,-9.801000000000000512e+01
7.525032000000000000e+09,-9.768000000000000682e+01
7.525032200000000000e+09,-9.751000000000000512e+01
7.525032400000000000e+09,-9.782999999999999829e+01
7.525032600000000000e+09,-9.793999999999999773e+01
7.525032800000000000e+09,-9.778000000000000114e+01
7.525033000000000000e+09,-9.796999999999999886e+01
7.525033200000000000e+09,-9.793000000000000682e+01
7.525033400000000000e+09,-9.800000000000000000e+01
7.525033600000000000e+09,-9.784000000000000341e+01
7.525033800000000000e+09,-9.785999999999999943e+01
7.525034000000000000e+09,-9.779999999999999716e+01
7.525034200000000000e+09,-9.779000000000000625e+01
7.525034400000000000e+09,-9.803000000000000114e+01
7.525034600000000000e+09,-9.806000000000000227e+01
7.525034800000000000e+09,-9.792000000000000171e+01
7.525035000000000000e+09,-9.790999999999999659e+01
7.525035200000000000e+09,-9.796999999999999886e+01
7.525035400000000000e+09,-9.793000000000000682e+01
7.525035600000000000e+09,-9.801999999999999602e+01
7.525035800000000000e+09,-9.799000000000000909e+01
7.525036000000000000e+09,-9.798000000000000398e+01
7.525036200000000000e+09,-9.782000000000000739e+01
7.525036400000000000e+09,-9.782000000000000739e+01
7.525036600000000000e+09,-9.795000000000000284e+01
7.525036800000000000e+09,-9.790000000000000568e+01
7.525037000000000000e+09,-9.798000000000000398e+01
7.525037200000000000e+09,-9.807999999999999829e+01
7.525037400000000000e+09,-9.814000000000000057e+01
7.525037600000000000e+09,-9.815000000000000568e+01
7.525037800000000000e+09,-9.799000000000000909e+01
7.525038000000000000e+09,-9.807000000000000739e+01
7.525038200000000000e+09,-9.800000000000000000e+01
7.525038400000000000e+09,-9.801000000000000512e+01
7.525038600000000000e+09,-9.801999999999999602e+01
7.525038800000000000e+09,-9.807999999999999829e+01
7.525039000000000000e+09,-9.795000000000000284e+01
7.525039200000000000e+09,-9.806000000000000227e+01
7.525039400000000000e+09,-9.812000000000000455e+01
7.525039600000000000e+09,-9.796999999999999886e+01
7.525039800000000000e+09,-9.785000000000000853e+01
7.525040000000000000e+09,-9.799000000000000909e+01
7.525040200000000000e+09,-9.782999999999999829e+01
7.525040400000000000e+09,-9.796999999999999886e+01
7.525040600000000000e+09,-9.803000000000000114e+01
7.525040800000000000e+09,-9.782000000000000739e+01
7.525041000000000000e+09,-9.793999999999999773e+01
7.525041200000000000e+09,-9.799000000000000909e+01
7.525041400000000000e+09,-9.790000000000000568e+01
7.525041600000000000e+09,-9.787999999999999545e+01
7.525041800000000000e+09,-9.799000000000000909e+01
7.525042000000000000e+09,-9.810999999999999943e+01
7.525042200000000000e+09,-9.801999999999999602e+01
7.525042400000000000e+09,-9.801000000000000512e+01
7.525042600000000000e+09,-9.785999999999999943e+01
7.525042800000000000e+09,-9.796999999999999886e+01
7.525043000000000000e+09,-9.796999999999999886e+01
7.525043200000000000e+09,-9.796000000000000796e+01
7.525043400000000000e+09,-9.796000000000000796e+01
7.525043600000000000e+09,-9.790000000000000568e+01
7.525043800000000000e+09,-9.803000000000000114e+01
7.525044000000000000e+09,-9.801999999999999602e+01
7.525044200000000000e+09,-9.789000000000000057e+01
7.525044400000000000e+09,-9.790999999999999659e+01
7.525044600000000000e+09,-9.796999999999999886e+01
7.525044800000000000e+09,-9.790000000000000568e+01
7.525045000000000000e+09,-9.801999999999999602e+01
7.525045200000000000e+09,-9.801999999999999602e+01
7.525045400000000000e+09,-9.793000000000000682e+01
7.525045600000000000e+09,-9.801999999999999602e+01
7.525045800000000000e+09,-9.793000000000000682e+01
7.525046000000000000e+09,-9.790999999999999659e+01
7.525046200000000000e+09,-9.782999999999999829e+01
7.525046400000000000e+09,-9.801000000000000512e+01
7.525046600000000000e+09,-9.800000000000000000e+01
7.525046800000000000e+09,-9.807999999999999829e+01
7.525047000000000000e+09,-9.814000000000000057e+01
7.525047200000000000e+09,-9.814000000000000057e+01
7.525047400000000000e+09,-9.810999999999999943e+01
7.525047600000000000e+09,-9.792000000000000171e+01
7.525047800000000000e+09,-9.806000000000000227e+01
7.525048000000000000e+09,-9.810999999999999943e+01
7.525048200000000000e+09,-9.804999999999999716e+01
7.525048400000000000e+09,-9.798000000000000398e+01
7.525048600000000000e+09,-9.778000000000000114e+01
7.525048800000000000e+09,-9.806000000000000227e+01
7.525049000000000000e+09,-9.795000000000000284e+01
7.525049200000000000e+09,-9.793999999999999773e+01
7.525049400000000000e+09,-9.807999999999999829e+01
7.525049600000000000e+09,-9.798000000000000398e+01
7.525049800000000000e+09,-9.800000000000000000e+01
7.525050000000000000e+09,-9.807999999999999829e+01
1.053495000000000000e+10,-9.496999999999999886e+01
1.053495020000000000e+10,-9.553000000000000114e+01
1.053495040000000000e+10,-9.370000000000000284e+01
1.053495060000000000e+10,-9.315000000000000568e+01
1.053495080000000000e+10,-9.335999999999999943e+01
1.053495100000000000e+10,-9.412000000000000455e+01
1.053495120000000000e+10,-9.356000000000000227e+01
1.053495140000000000e+10,-9.421999999999999886e+01
1.053495160000000000e+10,-9.432000000000000739e+01
1.053495180000000000e+10,-9.501000000000000512e+01
1.053495200000000000e+10,-9.498000000000000398e+01
1.053495220000000000e+10,-9.490000000000000568e+01
1.053495240000000000e+10,-9.448000000000000398e+01
1.053495260000000000e+10,-9.379000000000000625e+01
1.053495280000000000e+10,-9.335999999999999943e+01
1.053495300000000000e+10,-9.432999999999999829e+01
1.053495320000000000e+10,-9.345000000000000284e+01
1.053495340000000000e+10,-9.256000000000000227e+01
1.053495360000000000e+10,-9.296000000000000796e+01
1.053495380000000000e+10,-9.314000000000000057e+01
1.053495400000000000e+10,-9.446000000000000796e+01
1.053495420000000000e+10,-9.351999999999999602e+01
1.053495440000000000e+10,-9.335999999999999943e+01
1.053495460000000000e+10,-9.279999999999999716e+01
1.053495480000000000e+10,-9.407999999999999829e+01
1.053495500000000000e+10,-9.412000000000000455e+01
1.053495520000000000e+10,-9.446999999999999886e+01
1.053495540000000000e+10,-9.473999999999999488e+01
1.053495560000000000e+10,-9.407000000000000739e+01
1.053495580000000000e+10,-9.504999999999999716e+01
1.053495600000000000e+10,-9.464000000000000057e+01
1.053495620000000000e+10,-9.403000000000000114e+01
1.053495640000000000e+10,-9.290000000000000568e+01
1.053495660000000000e+10,-9.203000000000000114e+01
1.053495680000000000e+10,-9.187000000000000455e+01
1.053495700000000000e+10,-9.312000000000000455e+01
1.053495720000000000e+10,-9.276999999999999602e+01
1.053495740000000000e+10,-9.398000000000000398e+01
1.053495760000000000e+10,-9.325000000000000000e+01
1.053495780000000000e+10,-9.426000000000000512e+01
1.053495800000000000e+10,-9.489000000000000057e+01
1.053495820000000000e+10,-9.437000000000000455e+01
1.053495840000000000e+10,-9.314000000000000057e+01
1.053495860000000000e+10,-9.318000000000000682e+01
1.053495880000000000e+10,-9.376999999999999602e+01
1.053495900000000000e+10,-9.365999999999999659e+01
1.053495920000000000e+10,-9.310999999999999943e+01
1.053495940000000000e+10,-9.423999999999999488e+01
1.053495960000000000e+10,-9.398000000000000398e+01
1.053495980000000000e+10,-9.407000000000000739e+01
1.053496000000000000e+10,-9.489000000000000057e+01
1.053496020000000000e+10,-9.473999999999999488e+01
1.053496040000000000e+10,-9.557999999999999829e+01
1.053496060000000000e+10,-9.326000000000000512e+01
1.053496080000000000e+10,-9.392000000000000171e+01
1.053496100000000000e+10,-9.485000000000000853e+01
1.053496120000000000e+10,-9.457999999999999829e+01
1.053496140000000000e+10,-9.451999999999999602e+01
1.053496160000000000e+10,-9.407999999999999829e+01
1.053496180000000000e+10,-9.231000000000000227e+01
1.053496200000000000e+10,-9.201999999999999602e+01
1.053496220000000000e+10,-9.312000000000000455e+01
1.053496240000000000e+10,-9.367000000000000171e+01
1.053496260000000000e+10,-9.239000000000000057e+01
1.053496280000000000e+10,-9.204999999999999716e+01
1.053496300000000000e+10,-9.282000000000000739e+01
1.053496320000000000e+10,-9.232000000000000739e+01
1.053496340000000000e+10,-9.320000000000000284e+01
1.053496360000000000e+10,-9.375000000000000000e+01
1.053496380000000000e+10,-9.346999999999999886e+01
1.053496400000000000e+10,-9.359000000000000341e+01
1.053496420000000000e+10,-9.485000000000000853e+01
1.053496440000000000e+10,-9.534000000000000341e+01
1.053496460000000000e+10,-9.273000000000000398e+01
1.053496480000000000e+10,-9.310999999999999943e+01
1.053496500000000000e+10,-9.331000000000000227e+01
1.053496520000000000e+10,-9.287999999999999545e+01
1.053496540000000000e+10,-9.275000000000000000e+01
1.053496560000000000e+10,-9.345000000000000284e+01
1.053496580000000000e+10,-9.206000000000000227e+01
1.053496600000000000e+10,-9.123999999999999488e+01
1.053496620000000000e+10,-9.190999999999999659e+01
1.053496640000000000e+10,-9.206000000000000227e+01
1.053496660000000000e+10,-9.198999999999999488e+01
1.053496680000000000e+10,-9.164000000000000057e+01
1.053496700000000000e+10,-9.123000000000000398e+01
1.053496720000000000e+10,-9.223000000000000398e+01
1.053496740000000000e+10,-9.273999999999999488e+01
1.053496760000000000e+10,-9.312000000000000455e+01
1.053496780000000000e+10,-9.357000000000000739e+01
1.053496800000000000e+10,-9.412000000000000455e+01
1.053496820000000000e+10,-9.301999999999999602e+01
1.053496840000000000e+10,-9.260999999999999943e+01
1.053496860000000000e+10,-9.260999999999999943e+01
1.053496880000000000e+10,-9.275000000000000000e+01
1.053496900000000000e+10,-9.343000000000000682e+01
1.053496920000000000e+10,-9.498999999999999488e+01
1.053496940000000000e+10,-9.492000000000000171e+01
1.053496960000000000e+10,-9.443000000000000682e+01
1.053496980000000000e+10,-9.317000000000000171e+01
1.053497000000000000e+10,-9.248000000000000398e+01
1.053497020000000000e+10,-9.273000000000000398e+01
1.053497040000000000e+10,-9.268999999999999773e+01
1.053497060000000000e+10,-9.329000000000000625e+01
1.053497080000000000e+10,-9.400000000000000000e+01
1.053497100000000000e+10,-9.485000000000000853e+01
1.053497120000000000e+10,-9.379000000000000625e+01
1.053497140000000000e+10,-9.217000000000000171e+01
1.053497160000000000e+10,-9.220000000000000284e+01
1.053497180000000000e+10,-9.346000000000000796e+01
1.053497200000000000e+10,-9.178000000000000114e+01
1.053497220000000000e+10,-9.271999999999999886e+01
1.053497240000000000e+10,-9.240000000000000568e+01
1.053497260000000000e+10,-9.284000000000000341e+01
1.053497280000000000e+10,-9.307999999999999829e+01
1.053497300000000000e+10,-9.364000000000000057e+01
1.053497320000000000e+10,-9.367000000000000171e+01
1.053497340000000000e+10,-9.376999999999999602e+01
1.053497360000000000e+10,-9.275000000000000000e+01
1.053497380000000000e+10,-9.246999999999999886e+01
1.053497400000000000e+10,-9.256000000000000227e+01
1.053497420000000000e+10,-9.079000000000000625e+01
1.053497440000000000e+10,-8.998000000000000398e+01
1.053497460000000000e+10,-8.960999999999999943e+01
1.053497480000000000e+10,-9.140999999999999659e+01
1.053497500000000000e+10,-9.185999999999999943e+01
1.053497520000000000e+10,-9.328000000000000114e+01
1.053497540000000000e+10,-9.285999999999999943e+01
1.053497560000000000e+10,-9.259000000000000341e+01
1.053497580000000000e+10,-9.293999999999999773e+01
1.053497600000000000e+10,-9.246999999999999886e+01
1.053497620000000000e+10,-9.129000000000000625e+01
1.053497640000000000e+10,-9.189000000000000057e+01
1.053497660000000000e+10,-9.159000000000000341e+01
1.053497680000000000e+10,-9.275000000000000000e+01
1.053497700000000000e+10,-9.435999999999999943e+01
1.053497720000000000e+10,-9.098999999999999488e+01
1.053497740000000000e+10,-9.062000000000000455e+01
1.053497760000000000e+10,-9.165000000000000568e+01
1.053497780000000000e+10,-9.209000000000000341e+01
1.053497800000000000e+10,-9.335000000000000853e+01
1.053497820000000000e+10,-9.384000000000000341e+01
1.053497840000000000e+10,-9.251999999999999602e+01
1.053497860000000000e+10,-9.046000000000000796e+01
1.053497880000000000e+10,-9.101999999999999602e+01
1.053497900000000000e+10,-9.173000000000000398e+01
1.053497920000000000e+10,-9.187000000000000455e+01
1.053497940000000000e+10,-9.189000000000000057e+01
1.053497960000000000e+10,-9.237000000000000455e+01
1.053497980000000000e+10,-9.192000000000000171e+01
1.053498000000000000e+10,-9.007999999999999829e+01
1.053498020000000000e+10,-8.993999999999999773e+01
1.053498040000000000e+10,-9.079000000000000625e+01
1.053498060000000000e+10,-9.339000000000000057e+01
1.053498080000000000e+10,-9.204999999999999716e+01
1.053498100000000000e+10,-9.203000000000000114e+01
1.053498120000000000e+10,-9.131000000000000227e+01
1.053498140000000000e+10,-9.178000000000000114e+01
1.053498160000000000e+10,-9.282000000000000739e+01
1.053498180000000000e+10,-9.465999999999999659e+01
1.053498200000000000e+10,-9.273000000000000398e+01
1.053498220000000000e+10,-9.290000000000000568e+01
1.053498240000000000e+10,-9.357000000000000739e+01
1.053498260000000000e+10,-9.304999999999999716e+01
1.053498280000000000e+10,-9.234000000000000341e+01
1.053498300000000000e+10,-9.346999999999999886e+01
1.053498320000000000e+10,-9.179000000000000625e+01
1.053498340000000000e+10,-9.098000000000000398e+01
1.053498360000000000e+10,-9.112000000000000455e+01
1.053498380000000000e+10,-9.126000000000000512e+01
1.053498400000000000e+10,-9.243999999999999773e+01
1.053498420000000000e+10,-9.362999999999999545e+01
1.053498440000000000e+10,-9.276000000000000512e+01
1.053498460000000000e+10,-9.251000000000000512e+01
1.053498480000000000e+10,-9.260999999999999943e+01
1.053498500000000000e+10,-9.312000000000000455e+01
1.053498520000000000e+10,-9.251000000000000512e+01
1.053498540000000000e+10,-9.226000000000000512e+01
1.053498560000000000e+10,-9.206000000000000227e+01
1.053498580000000000e+10,-9.212999999999999545e+01
1.053498600000000000e+10,-9.260999999999999943e+01
1.053498620000000000e+10,-9.132000000000000739e+01
1.053498640000000000e+10,-9.101000000000000512e+01
1.053498660000000000e+10,-8.998999999999999488e+01
1.053498680000000000e+10,-9.050000000000000000e+01
1.053498700000000000e+10,-9.185000000000000853e+01
1.053498720000000000e+10,-9.215000000000000568e+01
1.053498740000000000e+10,-9.228000000000000114e+01
1.053498760000000000e+10,-9.179999999999999716e+01
1.053498780000000000e+10,-9.193999999999999773e+01
1.053498800000000000e+10,-9.185000000000000853e+01
1.053498820000000000e+10,-9.059000000000000341e+01
1.053498840000000000e+10,-9.164000000000000057e+01
1.053498860000000000e+10,-9.176000000000000512e+01
1.053498880000000000e+10,-9.143999999999999773e+01
1.053498900000000000e+10,-9.104999999999999716e+01
1.053498920000000000e+10,-9.176000000000000512e+01
1.053498940000000000e+10,-9.237000000000000455e+01
1.053498960000000000e+10,-9.220000000000000284e+01
1.053498980000000000e+10,-9.237999999999999545e+01
1.053499000000000000e+10,-9.287000000000000455e+01
1.053499020000000000e+10,-9.393999999999999773e+01
1.053499040000000000e+10,-9.214000000000000057e+01
1.053499060000000000e+10,-9.176000000000000512e+01
1.053499080000000000e+10,-9.196999999999999886e+01
1.053499100000000000e+10,-9.217000000000000171e+01
1.053499120000000000e+10,-9.239000000000000057e+01
1.053499140000000000e+10,-8.970000000000000284e+01
1.053499160000000000e+10,-8.943000000000000682e+01
1.053499180000000000e+10,-9.114000000000000057e+01
1.053499200000000000e+10,-8.989000000000000057e+01
1.053499220000000000e+10,-9.128000000000000114e+01
1.053499240000000000e+10,-9.210999999999999943e+01
1.053499260000000000e+10,-9.029999999999999716e+01
1.053499280000000000e+10,-8.998999999999999488e+01
1.053499300000000000e+10,-9.010000000000000853e+01
1.053499320000000000e+10,-9.056000000000000227e+01
1.053499340000000000e+10,-9.162000000000000455e+01
1.053499360000000000e+10,-9.209000000000000341e+01
1.053499380000000000e+10,-9.237000000000000455e+01
1.053499400000000000e+10,-9.354000000000000625e+01
1.053499420000000000e+10,-9.387999999999999545e+01
1.053499440000000000e+10,-9.114000000000000057e+01
1.053499460000000000e+10,-9.000000000000000000e+01
1.053499480000000000e+10,-9.089000000000000057e+01
1.053499500000000000e+10,-9.050000000000000000e+01
1.053499520000000000e+10,-8.973000000000000398e+01
1.053499540000000000e+10,-9.068000000000000682e+01
1.053499560000000000e+10,-9.181000000000000227e+01
1.053499580000000000e+10,-9.221999999999999886e+01
1.053499600000000000e+10,-9.404999999999999716e+01
1.053499620000000000e+10,-9.237999999999999545e+01
1.053499640000000000e+10,-9.092000000000000171e+01
1.053499660000000000e+10,-9.012999999999999545e+01
1.053499680000000000e+10,-8.965999999999999659e+01
1.053499700000000000e+10,-8.982000000000000739e+01
1.053499720000000000e+10,-9.114000000000000057e+01
1.053499740000000000e+10,-9.139000000000000057e+01
1.053499760000000000e+10,-9.043999999999999773e+01
1.053499780000000000e+10,-9.059000000000000341e+01
1.053499800000000000e+10,-9.084000000000000341e+01
1.053499820000000000e+10,-8.970000000000000284e+01
1.053499840000000000e+10,-8.940000000000000568e+01
1.053499860000000000e+10,-9.118999999999999773e+01
1.053499880000000000e+10,-9.029000000000000625e+01
1.053499900000000000e+10,-8.893999999999999773e+01
1.053499920000000000e+10,-8.887999999999999545e+01
1.053499940000000000e+10,-8.954000000000000625e+01
1.053499960000000000e+10,-9.107999999999999829e+01
1.053499980000000000e+10,-9.059000000000000341e+01
1.053500000000000000e+10,-9.090000000000000568e+01
1.053500020000000000e+10,-9.065999999999999659e+01
1.053500040000000000e+10,-9.045000000000000284e+01
1.053500060000000000e+10,-9.178000000000000114e+01
1.053500080000000000e+10,-9.293000000000000682e+01
1.053500100000000000e+10,-9.187000000000000455e+01
1.053500120000000000e+10,-9.170000000000000284e+01
1.053500140000000000e+10,-9.090000000000000568e+01
1.053500160000000000e+10,-9.082000000000000739e+01
1.053500180000000000e+10,-9.054999999999999716e+01
1.053500200000000000e+10,-9.104000000000000625e+01
1.053500220000000000e+10,-9.050000000000000000e+01
1.053500240000000000e+10,-9.056000000000000227e+01
1.053500260000000000e+10,-9.173000000000000398e+01
1.053500280000000000e+10,-8.970000000000000284e+01
1.053500300000000000e+10,-8.926000000000000512e+01
1.053500320000000000e+10,-8.837000000000000455e+01
1.053500340000000000e+10,-8.725000000000000000e+01
1.053500360000000000e+10,-8.796999999999999886e+01
1.053500380000000000e+10,-8.834000000000000341e+01
1.053500400000000000e+10,-8.806000000000000227e+01
1.053500420000000000e+10,-8.735999999999999943e+01
1.053500440000000000e+10,-8.575000000000000000e+01
1.053500460000000000e+10,-8.465999999999999659e+01
1.053500480000000000e+10,-8.332000000000000739e+01
1.053500500000000000e+10,-8.190000000000000568e+01
1.053500520000000000e+10,-8.043000000000000682e+01
1.053500540000000000e+10,-7.885999999999999943e+01
1.053500560000000000e+10,-7.717000000000000171e+01
1.053500580000000000e+10,-7.551999999999999602e+01
1.053500600000000000e+10,-7.365999999999999659e+01
1.053500620000000000e+10,-7.190000000000000568e+01
1.053500640000000000e+10,-6.998999999999999488e+01
1.053500660000000000e+10,-6.804000000000000625e+01
1.053500680000000000e+10,-6.598999999999999488e+01
1.053500700000000000e+10,-6.395000000000000284e+01
1.053500720000000000e+10,-6.174000000000000199e+01
1.053500740000000000e+10,-5.946000000000000085e+01
1.053500760000000000e+10,-5.709000000000000341e+01
1.053500780000000000e+10,-5.453000000000000114e+01
1.053500800000000000e+10,-5.212000000000000455e+01
1.053500820000000000e+10,-4.964000000000000057e+01
1.053500840000000000e+10,-4.674000000000000199e+01
1.053500860000000000e+10,-4.370000000000000284e+01
1.053500880000000000e+10,-4.064000000000000057e+01
1.053500900000000000e+10,-3.749000000000000199e+01
1.053500920000000000e+10,-3.441000000000000369e+01
1.053500940000000000e+10,-3.130000000000000071e+01
1.053500960000000000e+10,-2.851000000000000156e+01
1.053500980000000000e+10,-2.583000000000000185e+01
1.053501000000000000e+10,-2.360000000000000142e+01
1.053501020000000000e+10,-2.207000000000000028e+01
1.053501040000000000e+10,-2.133999999999999986e+01
1.053501060000000000e+10,-2.103999999999999915e+01
1.053501080000000000e+10,-2.117999999999999972e+01
1.053501100000000000e+10,-2.221999999999999886e+01
1.053501120000000000e+10,-2.355000000000000071e+01
1.053501140000000000e+10,-2.542000000000000171e+01
1.053501160000000000e+10,-2.790000000000000213e+01
1.053501180000000000e+10,-3.064000000000000057e+01
1.053501200000000000e+10,-3.370000000000000284e+01
1.053501220000000000e+10,-3.682999999999999829e+01
1.053501240000000000e+10,-4.011999999999999744e+01
1.053501260000000000e+10,-4.327000000000000313e+01
1.053501280000000000e+10,-4.639999999999999858e+01
1.053501300000000000e+10,-4.939000000000000057e+01
1.053501320000000000e+10,-5.235000000000000142e+01
1.053501340000000000e+10,-5.521000000000000085e+01
1.053501360000000000e+10,-5.785999999999999943e+01
1.053501380000000000e+10,-6.039000000000000057e+01
1.053501400000000000e+10,-6.278000000000000114e+01
1.053501420000000000e+10,-6.507000000000000739e+01
1.053501440000000000e+10,-6.737999999999999545e+01
1.053501460000000000e+10,-6.957999999999999829e+01
1.053501480000000000e+10,-7.146999999999999886e+01
1.053501500000000000e+10,-7.342000000000000171e+01
1.053501520000000000e+10,-7.537000000000000455e+01
1.053501540000000000e+10,-7.709000000000000341e+01
1.053501560000000000e+10,-7.881000000000000227e+01
1.053501580000000000e+10,-8.043999999999999773e+01
1.053501600000000000e+10,-8.196000000000000796e+01
1.053501620000000000e+10,-8.335999999999999943e+01
1.053501640000000000e+10,-8.440000000000000568e+01
1.053501660000000000e+10,-8.593000000000000682e+01
1.053501680000000000e+10,-8.675000000000000000e+01
1.053501700000000000e+10,-8.775000000000000000e+01
1.053501720000000000e+10,-8.860999999999999943e+01
1.053501740000000000e+10,-8.929000000000000625e+01
1.053501760000000000e+10,-9.004000000000000625e+01
1.053501780000000000e+10,-8.990999999999999659e+01
1.053501800000000000e+10,-8.967000000000000171e+01
1.053501820000000000e+10,-8.971000000000000796e+01
1.053501840000000000e+10,-8.976000000000000512e+01
1.053501860000000000e+10,-8.948999999999999488e+01
1.053501880000000000e+10,-9.003000000000000114e+01
1.053501900000000000e+10,-8.965000000000000568e+01
1.053501920000000000e+10,-8.985999999999999943e+01
1.053501940000000000e+10,-9.079000000000000625e+01
1.053501960000000000e+10,-9.267000000000000171e+01
1.053501980000000000e+10,-9.178000000000000114e+01
1.053502000000000000e+10,-9.048999999999999488e+01
1.053502020000000000e+10,-9.003000000000000114e+01
1.053502040000000000e+10,-9.112999999999999545e+01
1.053502060000000000e+10,-9.092000000000000171e+01
1.053502080000000000e+10,-9.078000000000000114e+01
1.053502100000000000e+10,-9.168000000000000682e+01
1.053502120000000000e+10,-9.237000000000000455e+01
1.053502140000000000e+10,-9.212000000000000455e+01
1.053502160000000000e+10,-9.237999999999999545e+01
1.053502180000000000e+10,-9.215000000000000568e+01
1.053502200000000000e+10,-9.056000000000000227e+01
1.053502220000000000e+10,-9.131000000000000227e+01
1.053502240000000000e+10,-9.065000000000000568e+01
1.053502260000000000e+10,-9.018999999999999773e+01
1.053502280000000000e+10,-9.134000000000000341e+01
1.053502300000000000e+10,-9.270000000000000284e+01
1.053502320000000000e+10,-9.054000000000000625e+01
1.053502340000000000e+10,-9.087000000000000455e+01
1.053502360000000000e+10,-9.146000000000000796e+01
1.053502380000000000e+10,-9.043000000000000682e+01
1.053502400000000000e+10,-9.021999999999999886e+01
1.053502420000000000e+10,-9.037999999999999545e+01
1.053502440000000000e+10,-9.173000000000000398e+01
1.053502460000000000e+10,-9.192000000000000171e+01
1.053502480000000000e+10,-9.220000000000000284e+01
1.053502500000000000e+10,-9.192000000000000171e+01
1.053502520000000000e+10,-9.173000000000000398e+01
1.053502540000000000e+10,-9.098999999999999488e+01
1.053502560000000000e+10,-9.048000000000000398e+01
1.053502580000000000e+10,-8.954000000000000625e+01
1.053502600000000000e+10,-9.028000000000000114e+01
1.053502620000000000e+10,-9.226000000000000512e+01
1.053502640000000000e+10,-9.071999999999999886e+01
1.053502660000000000e+10,-9.157999999999999829e+01
1.053502680000000000e+10,-9.210999999999999943e+01
1.053502700000000000e+10,-9.175000000000000000e+01
1.053502720000000000e+10,-9.128000000000000114e+01
1.053502740000000000e+10,-9.182000000000000739e+01
1.053502760000000000e+10,-9.223000000000000398e+01
1.053502780000000000e+10,-8.987999999999999545e+01
1.053502800000000000e+10,-8.975000000000000000e+01
1.053502820000000000e+10,-9.132000000000000739e+01
1.053502840000000000e+10,-8.923999999999999488e+01
1.053502860000000000e+10,-8.918999999999999773e+01
1.053502880000000000e+10,-9.076999999999999602e+01
1.053502900000000000e+10,-9.107000000000000739e+01
1.053502920000000000e+10,-9.245000000000000284e+01
1.053502940000000000e+10,-9.256000000000000227e+01
1.053502960000000000e+10,-9.231000000000000227e+01
1.053502980000000000e+10,-9.251000000000000512e+01
1.053503000000000000e+10,-9.292000000000000171e+01
1.053503020000000000e+10,-9.223999999999999488e+01
1.053503040000000000e+10,-9.307999999999999829e+01
1.053503060000000000e+10,-9.348000000000000398e+01
1.053503080000000000e+10,-9.340000000000000568e+01
1.053503100000000000e+10,-9.204999999999999716e+01
1.053503120000000000e+10,-9.165999999999999659e+01
1.053503140000000000e+10,-9.215999999999999659e+01
1.053503160000000000e+10,-9.209000000000000341e+01
1.053503180000000000e+10,-9.164000000000000057e+01
1.053503200000000000e+10,-9.287999999999999545e+01
1.053503220000000000e+10,-9.171000000000000796e+01
1.053503240000000000e+10,-9.153000000000000114e+01
1.053503260000000000e+10,-9.142000000000000171e+01
1.053503280000000000e+10,-9.050000000000000000e+01
1.053503300000000000e+10,-9.007000000000000739e+01
1.053503320000000000e+10,-9.048000000000000398e+01
1.053503340000000000e+10,-9.142000000000000171e+01
1.053503360000000000e+10,-9.250000000000000000e+01
1.053503380000000000e+10,-9.189000000000000057e+01
1.053503400000000000e+10,-9.129000000000000625e+01
1.053503420000000000e+10,-9.145000000000000284e+01
1.053503440000000000e+10,-9.175000000000000000e+01
1.053503460000000000e+10,-9.248999999999999488e+01
1.053503480000000000e+10,-9.312999999999999545e+01
1.053503500000000000e+10,-9.260000000000000853e+01
1.053503520000000000e+10,-9.232000000000000739e+01
1.053503540000000000e+10,-9.293000000000000682e+01
1.053503560000000000e+10,-9.304999999999999716e+01
1.053503580000000000e+10,-9.221000000000000796e+01
1.053503600000000000e+10,-9.176000000000000512e+01
1.053503620000000000e+10,-9.068999999999999773e+01
1.053503640000000000e+10,-9.181000000000000227e+01
1.053503660000000000e+10,-9.346000000000000796e+01
1.053503680000000000e+10,-9.346999999999999886e+01
1.053503700000000000e+10,-9.251000000000000512e+01
1.053503720000000000e+10,-9.310999999999999943e+01
1.053503740000000000e+10,-9.250000000000000000e+01
1.053503760000000000e+10,-9.176999999999999602e+01
1.053503780000000000e+10,-9.221000000000000796e+01
1.053503800000000000e+10,-9.296999999999999886e+01
1.053503820000000000e+10,-9.371999999999999886e+01
1.053503840000000000e+10,-9.262000000000000455e+01
1.053503860000000000e+10,-9.123999999999999488e+01
1.053503880000000000e+10,-9.079000000000000625e+01
1.053503900000000000e+10,-9.239000000000000057e+01
1.053503920000000000e+10,-9.240000000000000568e+01
1.053503940000000000e+10,-9.348000000000000398e+01
1.053503960000000000e+10,-9.256000000000000227e+01
1.053503980000000000e+10,-9.310000000000000853e+01
1.053504000000000000e+10,-9.210999999999999943e+01
1.053504020000000000e+10,-9.151000000000000512e+01
1.053504040000000000e+10,-9.181000000000000227e+01
1.053504060000000000e+10,-9.248999999999999488e+01
1.053504080000000000e+10,-9.318999999999999773e+01
1.053504100000000000e+10,-9.342000000000000171e+01
1.053504120000000000e+10,-9.226000000000000512e+01
1.053504140000000000e+10,-9.135999999999999943e+01
1.053504160000000000e+10,-9.198000000000000398e+01
1.053504180000000000e+10,-9.137999999999999545e+01
1.053504200000000000e+10,-9.129000000000000625e+01
1.053504220000000000e+10,-9.154000000000000625e+01
1.053504240000000000e+10,-9.139000000000000057e+01
1.053504260000000000e+10,-9.223000000000000398e+01
1.053504280000000000e+10,-9.310000000000000853e+01
1.053504300000000000e+10,-9.354000000000000625e+01
1.053504320000000000e+10,-9.268000000000000682e+01
1.053504340000000000e+10,-9.181000000000000227e+01
1.053504360000000000e+10,-9.170000000000000284e+01
1.053504380000000000e+10,-9.154000000000000625e+01
1.053504400000000000e+10,-9.184000000000000341e+01
1.053504420000000000e+10,-9.273999999999999488e+01
1.053504440000000000e+10,-9.226000000000000512e+01
1.053504460000000000e+10,-9.196999999999999886e+01
1.053504480000000000e+10,-9.204999999999999716e+01
1.053504500000000000e+10,-9.134000000000000341e+01
1.053504520000000000e+10,-9.251999999999999602e+01
1.053504540000000000e+10,-9.223000000000000398e+01
1.053504560000000000e+10,-9.232000000000000739e+01
1.053504580000000000e+10,-9.262000000000000455e+01
1.053504600000000000e+10,-9.220000000000000284e+01
1.053504620000000000e+10,-9.201000000000000512e+01
1.053504640000000000e+10,-9.217000000000000171e+01
1.053504660000000000e+10,-9.351999999999999602e+01
1.053504680000000000e+10,-9.382999999999999829e+01
1.053504700000000000e+10,-9.362000000000000455e+01
1.053504720000000000e+10,-9.076999999999999602e+01
1.053504740000000000e+10,-9.007000000000000739e+01
1.053504760000000000e+10,-9.148000000000000398e+01
1.053504780000000000e+10,-9.046000000000000796e+01
1.053504800000000000e+10,-9.182000000000000739e+01
1.053504820000000000e+10,-9.418999999999999773e+01
1.053504840000000000e+10,-9.343999999999999773e+01
1.053504860000000000e+10,-9.384000000000000341e+01
1.053504880000000000e+10,-9.359000000000000341e+01
1.053504900000000000e+10,-9.331000000000000227e+01
1.053504920000000000e+10,-9.337000000000000455e+01
1.053504940000000000e+10,-9.245000000000000284e+01
1.053504960000000000e+10,-9.151000000000000512e+01
1.053504980000000000e+10,-9.201000000000000512e+01
1.053505000000000000e+10,-9.379000000000000625e+01
1.354495000000000000e+10,-9.273000000000000398e+01
1.354495020000000000e+10,-9.267000000000000171e+01
1.354495040000000000e+10,-9.337000000000000455e+01
1.354495060000000000e+10,-9.300000000000000000e+01
1.354495080000000000e+10,-9.343999999999999773e+01
1.354495100000000000e+10,-9.339000000000000057e+01
1.354495120000000000e+10,-9.282999999999999829e+01
1.354495140000000000e+10,-9.279999999999999716e+01
1.354495160000000000e+10,-9.251000000000000512e+01
1.354495180000000000e+10,-9.279999999999999716e+01
1.354495200000000000e+10,-9.253000000000000114e+01
1.354495220000000000e+10,-9.265000000000000568e+01
1.354495240000000000e+10,-9.232999999999999829e+01
1.354495260000000000e+10,-9.251000000000000512e+01
1.354495280000000000e+10,-9.284000000000000341e+01
1.354495300000000000e+10,-9.237000000000000455e+01
1.354495320000000000e+10,-9.312999999999999545e+01
1.354495340000000000e+10,-9.273000000000000398e+01
1.354495360000000000e+10,-9.321999999999999886e+01
1.354495380000000000e+10,-9.301999999999999602e+01
1.354495400000000000e+10,-9.301999999999999602e+01
1.354495420000000000e+10,-9.268999999999999773e+01
1.354495440000000000e+10,-9.296000000000000796e+01
1.354495460000000000e+10,-9.343000000000000682e+01
1.354495480000000000e+10,-9.385000000000000853e+01
1.354495500000000000e+10,-9.410999999999999943e+01
1.354495520000000000e+10,-9.295000000000000284e+01
1.354495540000000000e+10,-9.262999999999999545e+01
1.354495560000000000e+10,-9.267000000000000171e+01
1.354495580000000000e+10,-9.312000000000000455e+01
1.354495600000000000e+10,-9.378000000000000114e+01
1.354495620000000000e+10,-9.329999999999999716e+01
1.354495640000000000e+10,-9.318999999999999773e+01
1.354495660000000000e+10,-9.343000000000000682e+01
1.354495680000000000e+10,-9.318999999999999773e+01
1.354495700000000000e+10,-9.279999999999999716e+01
1.354495720000000000e+10,-9.251000000000000512e+01
1.354495740000000000e+10,-9.221000000000000796e+01
1.354495760000000000e+10,-9.279000000000000625e+01
1.354495780000000000e+10,-9.339000000000000057e+01
1.354495800000000000e+10,-9.282000000000000739e+01
1.354495820000000000e+10,-9.245000000000000284e+01
1.354495840000000000e+10,-9.251999999999999602e+01
1.354495860000000000e+10,-9.368000000000000682e+01
1.354495880000000000e+10,-9.371999999999999886e+01
1.354495900000000000e+10,-9.275000000000000000e+01
1.354495920000000000e+10,-9.267000000000000171e+01
1.354495940000000000e+10,-9.304999999999999716e+01
1.354495960000000000e+10,-9.328000000000000114e+01
1.354495980000000000e+10,-9.335000000000000853e+01
1.354496000000000000e+10,-9.289000000000000057e+01
1.354496020000000000e+10,-9.201000000000000512e+01
1.354496040000000000e+10,-9.182000000000000739e+01
1.354496060000000000e+10,-9.232000000000000739e+01
1.354496080000000000e+10,-9.237999999999999545e+01
1.354496100000000000e+10,-9.240000000000000568e+01
1.354496120000000000e+10,-9.309000000000000341e+01
1.354496140000000000e+10,-9.343000000000000682e+01
1.354496160000000000e+10,-9.351999999999999602e+01
1.354496180000000000e+10,-9.315000000000000568e+01
1.354496200000000000e+10,-9.348999999999999488e+01
1.354496220000000000e+10,-9.348000000000000398e+01
1.354496240000000000e+10,-9.304000000000000625e+01
1.354496260000000000e+10,-9.262000000000000455e+01
1.354496280000000000e+10,-9.328000000000000114e+01
1.354496300000000000e+10,-9.273000000000000398e+01
1.354496320000000000e+10,-9.221999999999999886e+01
1.354496340000000000e+10,-9.321000000000000796e+01
1.354496360000000000e+10,-9.254999999999999716e+01
1.354496380000000000e+10,-9.182000000000000739e+01
1.354496400000000000e+10,-9.221000000000000796e+01
1.354496420000000000e+10,-9.218999999999999773e+01
1.354496440000000000e+10,-9.264000000000000057e+01
1.354496460000000000e+10,-9.250000000000000000e+01
1.354496480000000000e+10,-9.229999999999999716e+01
1.354496500000000000e+10,-9.351999999999999602e+01
1.354496520000000000e+10,-9.345000000000000284e+01
1.354496540000000000e+10,-9.321999999999999886e+01
1.354496560000000000e+10,-9.301999999999999602e+01
1.354496580000000000e+10,-9.312999999999999545e+01
1.354496600000000000e+10,-9.257000000000000739e+01
1.354496620000000000e+10,-9.210999999999999943e+01
1.354496640000000000e+10,-9.243000000000000682e+01
1.354496660000000000e+10,-9.318999999999999773e+01
1.354496680000000000e+10,-9.279000000000000625e+01
1.354496700000000000e+10,-9.232999999999999829e+01
1.354496720000000000e+10,-9.253000000000000114e+01
1.354496740000000000e+10,-9.246999999999999886e+01
1.354496760000000000e+10,-9.260000000000000853e+01
1.354496780000000000e+10,-9.271000000000000796e+01
1.354496800000000000e+10,-9.253000000000000114e+01
1.354496820000000000e+10,-9.245000000000000284e+01
1.354496840000000000e+10,-9.250000000000000000e+01
1.354496860000000000e+10,-9.298999999999999488e+01
1.354496880000000000e+10,-9.226999999999999602e+01
1.354496900000000000e+10,-9.193000000000000682e+01
1.354496920000000000e+10,-9.256000000000000227e+01
1.354496940000000000e+10,-9.245000000000000284e+01
1.354496960000000000e+10,-9.332000000000000739e+01
1.354496980000000000e+10,-9.303000000000000114e+01
1.354497000000000000e+10,-9.243000000000000682e+01
1.354497020000000000e+10,-9.168999999999999773e+01
1.354497040000000000e+10,-9.246000000000000796e+01
1.354497060000000000e+10,-9.207999999999999829e+01
1.354497080000000000e+10,-9.287000000000000455e+01
1.354497100000000000e+10,-9.310999999999999943e+01
1.354497120000000000e+10,-9.296000000000000796e+01
1.354497140000000000e+10,-9.285000000000000853e+01
1.354497160000000000e+10,-9.282000000000000739e+01
1.354497180000000000e+10,-9.332000000000000739e+01
1.354497200000000000e+10,-9.298999999999999488e+01
1.354497220000000000e+10,-9.271000000000000796e+01
1.354497240000000000e+10,-9.232000000000000739e+01
1.354497260000000000e+10,-9.234000000000000341e+01
1.354497280000000000e+10,-9.229999999999999716e+01
1.354497300000000000e+10,-9.248000000000000398e+01
1.354497320000000000e+10,-9.267000000000000171e+01
1.354497340000000000e+10,-9.268000000000000682e+01
1.354497360000000000e+10,-9.204000000000000625e+01
1.354497380000000000e+10,-9.185999999999999943e+01
1.354497400000000000e+10,-9.240999999999999659e+01
1.354497420000000000e+10,-9.304000000000000625e+01
1.354497440000000000e+10,-9.164000000000000057e+01
1.354497460000000000e+10,-9.243000000000000682e+01
1.354497480000000000e+10,-9.317000000000000171e+01
1.354497500000000000e+10,-9.265000000000000568e+01
1.354497520000000000e+10,-9.260000000000000853e+01
1.354497540000000000e+10,-9.317000000000000171e+01
1.354497560000000000e+10,-9.312000000000000455e+01
1.354497580000000000e+10,-9.334000000000000341e+01
1.354497600000000000e+10,-9.320000000000000284e+01
1.354497620000000000e+10,-9.271000000000000796e+01
1.354497640000000000e+10,-9.268999999999999773e+01
1.354497660000000000e+10,-9.289000000000000057e+01
1.354497680000000000e+10,-9.279999999999999716e+01
1.354497700000000000e+10,-9.335000000000000853e+01
1.354497720000000000e+10,-9.262999999999999545e+01
1.354497740000000000e+10,-9.251999999999999602e+01
1.354497760000000000e+10,-9.229999999999999716e+01
1.354497780000000000e+10,-9.278000000000000114e+01
1.354497800000000000e+10,-9.221000000000000796e+01
1.354497820000000000e+10,-9.184000000000000341e+01
1.354497840000000000e+10,-9.265999999999999659e+01
1.354497860000000000e+10,-9.298999999999999488e+01
1.354497880000000000e+10,-9.301999999999999602e+01
1.354497900000000000e+10,-9.318999999999999773e+01
1.354497920000000000e+10,-9.310000000000000853e+01
1.354497940000000000e+10,-9.282000000000000739e+01
1.354497960000000000e+10,-9.337999999999999545e+01
1.354497980000000000e+10,-9.371000000000000796e+01
1.354498000000000000e+10,-9.337000000000000455e+01
1.354498020000000000e+10,-9.300000000000000000e+01
1.354498040000000000e+10,-9.312000000000000455e+01
1.354498060000000000e+10,-9.335999999999999943e+01
1.354498080000000000e+10,-9.304999999999999716e+01
1.354498100000000000e+10,-9.245000000000000284e+01
1.354498120000000000e+10,-9.267000000000000171e+01
1.354498140000000000e+10,-9.351000000000000512e+01
1.354498160000000000e+10,-9.315000000000000568e+01
1.354498180000000000e+10,-9.271000000000000796e+01
1.354498200000000000e+10,-9.278000000000000114e+01
1.354498220000000000e+10,-9.237000000000000455e+01
1.354498240000000000e+10,-9.198000000000000398e+01
1.354498260000000000e+10,-9.231000000000000227e+01
1.354498280000000000e+10,-9.304999999999999716e+01
1.354498300000000000e+10,-9.298000000000000398e+01
1.354498320000000000e+10,-9.342000000000000171e+01
1.354498340000000000e+10,-9.276999999999999602e+01
1.354498360000000000e+10,-9.295000000000000284e+01
1.354498380000000000e+10,-9.285999999999999943e+01
1.354498400000000000e+10,-9.207000000000000739e+01
1.354498420000000000e+10,-9.232999999999999829e+01
1.354498440000000000e+10,-9.259000000000000341e+01
1.354498460000000000e+10,-9.221000000000000796e+01
1.354498480000000000e+10,-9.307999999999999829e+01
1.354498500000000000e+10,-9.342000000000000171e+01
1.354498520000000000e+10,-9.312999999999999545e+01
1.354498540000000000e+10,-9.317000000000000171e+01
1.354498560000000000e+10,-9.300000000000000000e+01
1.354498580000000000e+10,-9.260000000000000853e+01
1.354498600000000000e+10,-9.357999999999999829e+01
1.354498620000000000e+10,-9.357000000000000739e+01
1.354498640000000000e+10,-9.335000000000000853e+01
1.354498660000000000e+10,-9.287000000000000455e+01
1.354498680000000000e+10,-9.262999999999999545e+01
1.354498700000000000e+10,-9.254000000000000625e+01
1.354498720000000000e+10,-9.348000000000000398e+01
1.354498740000000000e+10,-9.295000000000000284e+01
1.354498760000000000e+10,-9.260999999999999943e+01
1.354498780000000000e+10,-9.260999999999999943e+01
1.354498800000000000e+10,-9.265999999999999659e+01
1.354498820000000000e+10,-9.323999999999999488e+01
1.354498840000000000e+10,-9.304999999999999716e+01
1.354498860000000000e+10,-9.314000000000000057e+01
1.354498880000000000e+10,-9.345000000000000284e+01
1.354498900000000000e+10,-9.259000000000000341e+01
1.354498920000000000e+10,-9.326000000000000512e+01
1.354498940000000000e+10,-9.314000000000000057e+01
1.354498960000000000e+10,-9.253000000000000114e+01
1.354498980000000000e+10,-9.268999999999999773e+01
1.354499000000000000e+10,-9.262999999999999545e+01
1.354499020000000000e+10,-9.253000000000000114e+01
1.354499040000000000e+10,-9.254999999999999716e+01
1.354499060000000000e+10,-9.270000000000000284e+01
1.354499080000000000e+10,-9.228000000000000114e+01
1.354499100000000000e+10,-9.214000000000000057e+01
1.354499120000000000e+10,-9.292000000000000171e+01
1.354499140000000000e+10,-9.350000000000000000e+01
1.354499160000000000e+10,-9.304999999999999716e+01
1.354499180000000000e+10,-9.267000000000000171e+01
1.354499200000000000e+10,-9.301000000000000512e+01
1.354499220000000000e+10,-9.292000000000000171e+01
1.354499240000000000e+10,-9.259000000000000341e+01
1.354499260000000000e+10,-9.218999999999999773e+01
1.354499280000000000e+10,-9.229999999999999716e+01
1.354499300000000000e+10,-9.339000000000000057e+01
1.354499320000000000e+10,-9.268999999999999773e+01
1.354499340000000000e+10,-9.182999999999999829e+01
1.354499360000000000e+10,-9.187000000000000455e+01
1.354499380000000000e+10,-9.289000000000000057e+01
1.354499400000000000e+10,-9.332000000000000739e+01
1.354499420000000000e+10,-9.335000000000000853e+01
1.354499440000000000e+10,-9.309000000000000341e+01
1.354499460000000000e+10,-9.287000000000000455e+01
1.354499480000000000e+10,-9.232000000000000739e+01
1.354499500000000000e+10,-9.287000000000000455e+01
1.354499520000000000e+10,-9.339000000000000057e+01
1.354499540000000000e+10,-9.326000000000000512e+01
1.354499560000000000e+10,-9.345000000000000284e+01
1.354499580000000000e+10,-9.348000000000000398e+01
1.354499600000000000e+10,-9.304000000000000625e+01
1.354499620000000000e+10,-9.221000000000000796e+01
1.354499640000000000e+10,-9.175000000000000000e+01
1.354499660000000000e+10,-9.132999999999999829e+01
1.354499680000000000e+10,-9.190999999999999659e+01
1.354499700000000000e+10,-9.232000000000000739e+01
1.354499720000000000e+10,-9.226999999999999602e+01
1.354499740000000000e+10,-9.256000000000000227e+01
1.354499760000000000e+10,-9.221999999999999886e+01
1.354499780000000000e+10,-9.221000000000000796e+01
1.354499800000000000e+10,-9.273000000000000398e+01
1.354499820000000000e+10,-9.246999999999999886e+01
1.354499840000000000e+10,-9.240000000000000568e+01
1.354499860000000000e+10,-9.314000000000000057e+01
1.354499880000000000e+10,-9.309000000000000341e+01
1.354499900000000000e+10,-9.278000000000000114e+01
1.354499920000000000e+10,-9.214000000000000057e+01
1.354499940000000000e+10,-9.201000000000000512e+01
1.354499960000000000e+10,-9.262999999999999545e+01
1.354499980000000000e+10,-9.273999999999999488e+01
1.354500000000000000e+10,-9.246000000000000796e+01
1.354500020000000000e+10,-9.360000000000000853e+01
1.354500040000000000e+10,-9.387000000000000455e+01
1.354500060000000000e+10,-9.304999999999999716e+01
1.354500080000000000e+10,-9.273999999999999488e+01
1.354500100000000000e+10,-9.293999999999999773e+01
1.354500120000000000e+10,-9.378000000000000114e+01
1.354500140000000000e+10,-9.362999999999999545e+01
1.354500160000000000e+10,-9.328000000000000114e+01
1.354500180000000000e+10,-9.298999999999999488e+01
1.354500200000000000e+10,-9.304000000000000625e+01
1.354500220000000000e+10,-9.265999999999999659e+01
1.354500240000000000e+10,-9.264000000000000057e+01
1.354500260000000000e+10,-9.296000000000000796e+01
1.354500280000000000e+10,-9.271000000000000796e+01
1.354500300000000000e+10,-9.240000000000000568e+01
1.354500320000000000e+10,-9.273999999999999488e+01
1.354500340000000000e+10,-9.368999999999999773e+01
1.354500360000000000e+10,-9.326999999999999602e+01
1.354500380000000000e+10,-9.296000000000000796e+01
1.354500400000000000e+10,-9.301000000000000512e+01
1.354500420000000000e+10,-9.350000000000000000e+01
1.354500440000000000e+10,-9.326999999999999602e+01
1.354500460000000000e+10,-9.318999999999999773e+01
1.354500480000000000e+10,-9.354999999999999716e+01
1.354500500000000000e+10,-9.332000000000000739e+01
1.354500520000000000e+10,-9.351999999999999602e+01
1.354500540000000000e+10,-9.296000000000000796e+01
1.354500560000000000e+10,-9.279000000000000625e+01
1.354500580000000000e+10,-9.304000000000000625e+01
1.354500600000000000e+10,-9.264000000000000057e+01
1.354500620000000000e+10,-9.312000000000000455e+01
1.354500640000000000e+10,-9.267000000000000171e+01
1.354500660000000000e+10,-9.295000000000000284e+01
1.354500680000000000e+10,-9.385000000000000853e+01
1.354500700000000000e+10,-9.364000000000000057e+01
1.354500720000000000e+10,-9.332000000000000739e+01
1.354500740000000000e+10,-9.293000000000000682e+01
1.354500760000000000e+10,-9.298000000000000398e+01
1.354500780000000000e+10,-9.279000000000000625e+01
1.354500800000000000e+10,-9.237999999999999545e+01
1.354500820000000000e+10,-9.268000000000000682e+01
1.354500840000000000e+10,-9.279999999999999716e+01
1.354500860000000000e+10,-9.264000000000000057e+01
1.354500880000000000e+10,-9.317000000000000171e+01
1.354500900000000000e+10,-9.307999999999999829e+01
1.354500920000000000e+10,-9.251000000000000512e+01
1.354500940000000000e+10,-9.160999999999999943e+01
1.354500960000000000e+10,-9.192000000000000171e+01
1.354500980000000000e+10,-9.087000000000000455e+01
1.354501000000000000e+10,-9.028000000000000114e+01
1.354501020000000000e+10,-8.910000000000000853e+01
1.354501040000000000e+10,-8.743999999999999773e+01
1.354501060000000000e+10,-8.534000000000000341e+01
1.354501080000000000e+10,-8.285000000000000853e+01
1.354501100000000000e+10,-8.035000000000000853e+01
1.354501120000000000e+10,-7.775000000000000000e+01
1.354501140000000000e+10,-7.515000000000000568e+01
1.354501160000000000e+10,-7.240000000000000568e+01
1.354501180000000000e+10,-6.967000000000000171e+01
1.354501200000000000e+10,-6.662999999999999545e+01
1.354501220000000000e+10,-6.364000000000000057e+01
1.354501240000000000e+10,-6.064999999999999858e+01
1.354501260000000000e+10,-5.752000000000000313e+01
1.354501280000000000e+10,-5.450000000000000000e+01
1.354501300000000000e+10,-5.171000000000000085e+01
1.354501320000000000e+10,-4.921999999999999886e+01
1.354501340000000000e+10,-4.713000000000000256e+01
1.354501360000000000e+10,-4.577000000000000313e+01
1.354501380000000000e+10,-4.524000000000000199e+01
1.354501400000000000e+10,-4.484000000000000341e+01
1.354501420000000000e+10,-4.509000000000000341e+01
1.354501440000000000e+10,-4.613000000000000256e+01
1.354501460000000000e+10,-4.793999999999999773e+01
1.354501480000000000e+10,-4.982999999999999829e+01
1.354501500000000000e+10,-5.220000000000000284e+01
1.354501520000000000e+10,-5.493999999999999773e+01
1.354501540000000000e+10,-5.789000000000000057e+01
1.354501560000000000e+10,-6.107999999999999829e+01
1.354501580000000000e+10,-6.418999999999999773e+01
1.354501600000000000e+10,-6.721000000000000796e+01
1.354501620000000000e+10,-7.029000000000000625e+01
1.354501640000000000e+10,-7.326000000000000512e+01
1.354501660000000000e+10,-7.604999999999999716e+01
1.354501680000000000e+10,-7.889000000000000057e+01
1.354501700000000000e+10,-8.157999999999999829e+01
1.354501720000000000e+10,-8.393999999999999773e+01
1.354501740000000000e+10,-8.634000000000000341e+01
1.354501760000000000e+10,-8.842000000000000171e+01
1.354501780000000000e+10,-9.007000000000000739e+01
1.354501800000000000e+10,-9.118999999999999773e+01
1.354501820000000000e+10,-9.135000000000000853e+01
1.354501840000000000e+10,-9.229000000000000625e+01
1.354501860000000000e+10,-9.207000000000000739e+01
1.354501880000000000e+10,-9.151000000000000512e+01
1.354501900000000000e+10,-9.265000000000000568e+01
1.354501920000000000e+10,-9.265999999999999659e+01
1.354501940000000000e+10,-9.287000000000000455e+01
1.354501960000000000e+10,-9.209000000000000341e+01
1.354501980000000000e+10,-9.168999999999999773e+01
1.354502000000000000e+10,-9.182000000000000739e+01
1.354502020000000000e+10,-9.296000000000000796e+01
1.354502040000000000e+10,-9.318000000000000682e+01
1.354502060000000000e+10,-9.307000000000000739e+01
1.354502080000000000e+10,-9.343000000000000682e+01
1.354502100000000000e+10,-9.298999999999999488e+01
1.354502120000000000e+10,-9.262999999999999545e+01
1.354502140000000000e+10,-9.362000000000000455e+01
1.354502160000000000e+10,-9.376999999999999602e+01
1.354502180000000000e+10,-9.337999999999999545e+01
1.354502200000000000e+10,-9.328000000000000114e+01
1.354502220000000000e+10,-9.282000000000000739e+01
1.354502240000000000e+10,-9.273000000000000398e+01
1.354502260000000000e+10,-9.271999999999999886e+01
1.354502280000000000e+10,-9.237000000000000455e+01
1.354502300000000000e+10,-9.320000000000000284e+01
1.354502320000000000e+10,-9.362999999999999545e+01
1.354502340000000000e+10,-9.382999999999999829e+01
1.354502360000000000e+10,-9.396999999999999886e+01
1.354502380000000000e+10,-9.221999999999999886e+01
1.354502400000000000e+10,-9.184000000000000341e+01
1.354502420000000000e+10,-9.242000000000000171e+01
1.354502440000000000e+10,-9.214000000000000057e+01
1.354502460000000000e+10,-9.262000000000000455e+01
1.354502480000000000e+10,-9.293999999999999773e+01
1.354502500000000000e+10,-9.323000000000000398e+01
1.354502520000000000e+10,-9.312999999999999545e+01
1.354502540000000000e+10,-9.314000000000000057e+01
1.354502560000000000e+10,-9.321000000000000796e+01
1.354502580000000000e+10,-9.226999999999999602e+01
1.354502600000000000e+10,-9.282000000000000739e+01
1.354502620000000000e+10,-9.282999999999999829e+01
1.354502640000000000e+10,-9.257000000000000739e+01
1.354502660000000000e+10,-9.229999999999999716e+01
1.354502680000000000e+10,-9.264000000000000057e+01
1.354502700000000000e+10,-9.187999999999999545e+01
1.354502720000000000e+10,-9.218999999999999773e+01
1.354502740000000000e+10,-9.276000000000000512e+01
1.354502760000000000e+10,-9.290999999999999659e+01
1.354502780000000000e+10,-9.270000000000000284e+01
1.354502800000000000e+10,-9.304000000000000625e+01
1.354502820000000000e+10,-9.270000000000000284e+01
1.354502840000000000e+10,-9.362000000000000455e+01
1.354502860000000000e+10,-9.379000000000000625e+01
1.354502880000000000e+10,-9.323000000000000398e+01
1.354502900000000000e+10,-9.268999999999999773e+01
1.354502920000000000e+10,-9.293000000000000682e+01
1.354502940000000000e+10,-9.270000000000000284e+01
1.354502960000000000e+10,-9.257999999999999829e+01
1.354502980000000000e+10,-9.268999999999999773e+01
1.354503000000000000e+10,-9.273999999999999488e+01
1.354503020000000000e+10,-9.301999999999999602e+01
1.354503040000000000e+10,-9.287999999999999545e+01
1.354503060000000000e+10,-9.287000000000000455e+01
1.354503080000000000e+10,-9.323999999999999488e+01
1.354503100000000000e+10,-9.293999999999999773e+01
1.354503120000000000e+10,-9.378000000000000114e+01
1.354503140000000000e+10,-9.301999999999999602e+01
1.354503160000000000e+10,-9.268999999999999773e+01
1.354503180000000000e+10,-9.207999999999999829e+01
1.354503200000000000e+10,-9.237000000000000455e+01
1.354503220000000000e+10,-9.337000000000000455e+01
1.354503240000000000e+10,-9.282000000000000739e+01
1.354503260000000000e+10,-9.348000000000000398e+01
1.354503280000000000e+10,-9.345000000000000284e+01
1.354503300000000000e+10,-9.346000000000000796e+01
1.354503320000000000e+10,-9.259000000000000341e+01
1.354503340000000000e+10,-9.309000000000000341e+01
1.354503360000000000e+10,-9.351000000000000512e+01
1.354503380000000000e+10,-9.320000000000000284e+01
1.354503400000000000e+10,-9.387000000000000455e+01
1.354503420000000000e+10,-9.385999999999999943e+01
1.354503440000000000e+10,-9.229000000000000625e+01
1.354503460000000000e+10,-9.196999999999999886e+01
1.354503480000000000e+10,-9.307999999999999829e+01
1.354503500000000000e+10,-9.310999999999999943e+01
1.354503520000000000e+10,-9.285000000000000853e+01
1.354503540000000000e+10,-9.364000000000000057e+01
1.354503560000000000e+10,-9.321999999999999886e+01
1.354503580000000000e+10,-9.293000000000000682e+01
1.354503600000000000e+10,-9.282000000000000739e+01
1.354503620000000000e+10,-9.307999999999999829e+01
1.354503640000000000e+10,-9.323999999999999488e+01
1.354503660000000000e+10,-9.357999999999999829e+01
1.354503680000000000e+10,-9.292000000000000171e+01
1.354503700000000000e+10,-9.304000000000000625e+01
1.354503720000000000e+10,-9.304999999999999716e+01
1.354503740000000000e+10,-9.240000000000000568e+01
1.354503760000000000e+10,-9.214000000000000057e+01
1.354503780000000000e+10,-9.310000000000000853e+01
1.354503800000000000e+10,-9.310000000000000853e+01
1.354503820000000000e+10,-9.260999999999999943e+01
1.354503840000000000e+10,-9.223000000000000398e+01
1.354503860000000000e+10,-9.318000000000000682e+01
1.354503880000000000e+10,-9.342000000000000171e+01
1.354503900000000000e+10,-9.337999999999999545e+01
1.354503920000000000e+10,-9.332000000000000739e+01
1.354503940000000000e+10,-9.293000000000000682e+01
1.354503960000000000e+10,-9.296000000000000796e+01
1.354503980000000000e+10,-9.267000000000000171e+01
1.354504000000000000e+10,-9.248999999999999488e+01
1.354504020000000000e+10,-9.221000000000000796e+01
1.354504040000000000e+10,-9.267000000000000171e+01
1.354504060000000000e+10,-9.246999999999999886e+01
1.354504080000000000e+10,-9.209000000000000341e+01
1.354504100000000000e+10,-9.328000000000000114e+01
1.354504120000000000e+10,-9.410000000000000853e+01
1.354504140000000000e+10,-9.337000000000000455e+01
1.354504160000000000e+10,-9.312999999999999545e+01
1.354504180000000000e+10,-9.328000000000000114e+01
1.354504200000000000e+10,-9.237000000000000455e+01
1.354504220000000000e+10,-9.273999999999999488e+01
1.354504240000000000e+10,-9.264000000000000057e+01
1.354504260000000000e+10,-9.293999999999999773e+01
1.354504280000000000e+10,-9.309000000000000341e+01
1.354504300000000000e+10,-9.285999999999999943e+01
1.354504320000000000e+10,-9.246999999999999886e+01
1.354504340000000000e+10,-9.273000000000000398e+01
1.354504360000000000e+10,-9.237000000000000455e+01
1.354504380000000000e+10,-9.104999999999999716e+01
1.354504400000000000e+10,-9.073000000000000398e+01
1.354504420000000000e+10,-9.248999999999999488e+01
1.354504440000000000e+10,-9.253000000000000114e+01
1.354504460000000000e+10,-9.248000000000000398e+01
1.354504480000000000e+10,-9.306000000000000227e+01
1.354504500000000000e+10,-9.204000000000000625e+01
1.354504520000000000e+10,-9.228000000000000114e+01
1.354504540000000000e+10,-9.257000000000000739e+01
1.354504560000000000e+10,-9.218000000000000682e+01
1.354504580000000000e+10,-9.265999999999999659e+01
1.354504600000000000e+10,-9.275000000000000000e+01
1.354504620000000000e+10,-9.329999999999999716e+01
1.354504640000000000e+10,-9.298000000000000398e+01
1.354504660000000000e+10,-9.260999999999999943e+01
1.354504680000000000e+10,-9.343000000000000682e+01
1.354504700000000000e+10,-9.337999999999999545e+01
1.354504720000000000e+10,-9.231000000000000227e+01
1.354504740000000000e+10,-9.298999999999999488e+01
1.354504760000000000e+10,-9.273000000000000398e+01
1.354504780000000000e+10,-9.201000000000000512e+01
1.354504800000000000e+10,-9.150000000000000000e+01
1.354504820000000000e+10,-9.220000000000000284e+01
1.354504840000000000e+10,-9.287000000000000455e+01
1.354504860000000000e+10,-9.284000000000000341e+01
1.354504880000000000e+10,-9.256000000000000227e+01
1.354504900000000000e+10,-9.315999999999999659e+01
1.354504920000000000e+10,-9.231000000000000227e+01
1.354504940000000000e+10,-9.200000000000000000e+01
1.354504960000000000e+10,-9.167000000000000171e+01
1.354504980000000000e+10,-9.225000000000000000e+01
1.354505000000000000e+10,-9.268999999999999773e+01
1.655495000000000000e+10,-9.540999999999999659e+01
1.655495020000000000e+10,-9.501999999999999602e+01
1.655495040000000000e+10,-9.454999999999999716e+01
1.655495060000000000e+10,-9.490999999999999659e+01
1.655495080000000000e+10,-9.448000000000000398e+01
1.655495100000000000e+10,-9.437999999999999545e+01
1.655495120000000000e+10,-9.346999999999999886e+01
1.655495140000000000e+10,-9.368000000000000682e+01
1.655495160000000000e+10,-9.406000000000000227e+01
1.655495180000000000e+10,-9.579000000000000625e+01
1.655495200000000000e+10,-9.521000000000000796e+01
1.655495220000000000e+10,-9.487999999999999545e+01
1.655495240000000000e+10,-9.470000000000000284e+01
1.655495260000000000e+10,-9.504999999999999716e+01
1.655495280000000000e+10,-9.446999999999999886e+01
1.655495300000000000e+10,-9.531000000000000227e+01
1.655495320000000000e+10,-9.396999999999999886e+01
1.655495340000000000e+10,-9.429000000000000625e+01
1.655495360000000000e+10,-9.420000000000000284e+01
1.655495380000000000e+10,-9.448999999999999488e+01
1.655495400000000000e+10,-9.356000000000000227e+01
1.655495420000000000e+10,-9.401000000000000512e+01
1.655495440000000000e+10,-9.465000000000000568e+01
1.655495460000000000e+10,-9.548999999999999488e+01
1.655495480000000000e+10,-9.420000000000000284e+01
1.655495500000000000e+10,-9.421999999999999886e+01
1.655495520000000000e+10,-9.584000000000000341e+01
1.655495540000000000e+10,-9.479000000000000625e+01
1.655495560000000000e+10,-9.518000000000000682e+01
1.655495580000000000e+10,-9.501999999999999602e+01
1.655495600000000000e+10,-9.546999999999999886e+01
1.655495620000000000e+10,-9.537000000000000455e+01
1.655495640000000000e+10,-9.529000000000000625e+01
1.655495660000000000e+10,-9.457999999999999829e+01
1.655495680000000000e+10,-9.420000000000000284e+01
1.655495700000000000e+10,-9.543000000000000682e+01
1.655495720000000000e+10,-9.570000000000000284e+01
1.655495740000000000e+10,-9.467000000000000171e+01
1.655495760000000000e+10,-9.504999999999999716e+01
1.655495780000000000e+10,-9.610999999999999943e+01
1.655495800000000000e+10,-9.685000000000000853e+01
1.655495820000000000e+10,-9.587999999999999545e+01
1.655495840000000000e+10,-9.601000000000000512e+01
1.655495860000000000e+10,-9.495000000000000284e+01
1.655495880000000000e+10,-9.487999999999999545e+01
1.655495900000000000e+10,-9.540999999999999659e+01
1.655495920000000000e+10,-9.507000000000000739e+01
1.655495940000000000e+10,-9.462000000000000455e+01
1.655495960000000000e+10,-9.429999999999999716e+01
1.655495980000000000e+10,-9.523000000000000398e+01
1.655496000000000000e+10,-9.496999999999999886e+01
1.655496020000000000e+10,-9.462999999999999545e+01
1.655496040000000000e+10,-9.554000000000000625e+01
1.655496060000000000e+10,-9.546999999999999886e+01
1.655496080000000000e+10,-9.564000000000000057e+01
1.655496100000000000e+10,-9.435000000000000853e+01
1.655496120000000000e+10,-9.473999999999999488e+01
1.655496140000000000e+10,-9.504999999999999716e+01
1.655496160000000000e+10,-9.585000000000000853e+01
1.655496180000000000e+10,-9.553000000000000114e+01
1.655496200000000000e+10,-9.506000000000000227e+01
1.655496220000000000e+10,-9.482999999999999829e+01
1.655496240000000000e+10,-9.518000000000000682e+01
1.655496260000000000e+10,-9.485000000000000853e+01
1.655496280000000000e+10,-9.404999999999999716e+01
1.655496300000000000e+10,-9.500000000000000000e+01
1.655496320000000000e+10,-9.585999999999999943e+01
1.655496340000000000e+10,-9.546999999999999886e+01
1.655496360000000000e+10,-9.451000000000000512e+01
1.655496380000000000e+10,-9.426000000000000512e+01
1.655496400000000000e+10,-9.473999999999999488e+01
1.655496420000000000e+10,-9.412000000000000455e+01
1.655496440000000000e+10,-9.560999999999999943e+01
1.655496460000000000e+10,-9.579000000000000625e+01
1.655496480000000000e+10,-9.507999999999999829e+01
1.655496500000000000e+10,-9.289000000000000057e+01
1.655496520000000000e+10,-9.335000000000000853e+01
1.655496540000000000e+10,-9.362000000000000455e+01
1.655496560000000000e+10,-9.390000000000000568e+01
1.655496580000000000e+10,-9.460999999999999943e+01
1.655496600000000000e+10,-9.421999999999999886e+01
1.655496620000000000e+10,-9.446999999999999886e+01
1.655496640000000000e+10,-9.534000000000000341e+01
1.655496660000000000e+10,-9.626000000000000512e+01
1.655496680000000000e+10,-9.585999999999999943e+01
1.655496700000000000e+10,-9.567000000000000171e+01
1.655496720000000000e+10,-9.587999999999999545e+01
1.655496740000000000e+10,-9.482000000000000739e+01
1.655496760000000000e+10,-9.373999999999999488e+01
1.655496780000000000e+10,-9.457000000000000739e+01
1.655496800000000000e+10,-9.379999999999999716e+01
1.655496820000000000e+10,-9.368999999999999773e+01
1.655496840000000000e+10,-9.446999999999999886e+01
1.655496860000000000e+10,-9.415000000000000568e+01
1.655496880000000000e+10,-9.526000000000000512e+01
1.655496900000000000e+10,-9.490000000000000568e+01
1.655496920000000000e+10,-9.635999999999999943e+01
1.655496940000000000e+10,-9.665999999999999659e+01
1.655496960000000000e+10,-9.543000000000000682e+01
1.655496980000000000e+10,-9.356000000000000227e+01
1.655497000000000000e+10,-9.376000000000000512e+01
1.655497020000000000e+10,-9.479000000000000625e+01
1.655497040000000000e+10,-9.468999999999999773e+01
1.655497060000000000e+10,-9.548000000000000398e+01
1.655497080000000000e+10,-9.564000000000000057e+01
1.655497100000000000e+10,-9.567000000000000171e+01
1.655497120000000000e+10,-9.460999999999999943e+01
1.655497140000000000e+10,-9.409000000000000341e+01
1.655497160000000000e+10,-9.409000000000000341e+01
1.655497180000000000e+10,-9.448000000000000398e+01
1.655497200000000000e+10,-9.423000000000000398e+01
1.655497220000000000e+10,-9.484000000000000341e+01
1.655497240000000000e+10,-9.409000000000000341e+01
1.655497260000000000e+10,-9.506000000000000227e+01
1.655497280000000000e+10,-9.318000000000000682e+01
1.655497300000000000e+10,-9.409000000000000341e+01
1.655497320000000000e+10,-9.570000000000000284e+01
1.655497340000000000e+10,-9.479999999999999716e+01
1.655497360000000000e+10,-9.437999999999999545e+01
1.655497380000000000e+10,-9.426000000000000512e+01
1.655497400000000000e+10,-9.501000000000000512e+01
1.655497420000000000e+10,-9.460999999999999943e+01
1.655497440000000000e+10,-9.384000000000000341e+01
1.655497460000000000e+10,-9.484000000000000341e+01
1.655497480000000000e+10,-9.490000000000000568e+01
1.655497500000000000e+10,-9.526999999999999602e+01
1.655497520000000000e+10,-9.470000000000000284e+01
1.655497540000000000e+10,-9.496999999999999886e+01
1.655497560000000000e+10,-9.515000000000000568e+01
1.655497580000000000e+10,-9.592000000000000171e+01
1.655497600000000000e+10,-9.709000000000000341e+01
1.655497620000000000e+10,-9.650000000000000000e+01
1.655497640000000000e+10,-9.593000000000000682e+01
1.655497660000000000e+10,-9.520000000000000284e+01
1.655497680000000000e+10,-9.475000000000000000e+01
1.655497700000000000e+10,-9.454000000000000625e+01
1.655497720000000000e+10,-9.514000000000000057e+01
1.655497740000000000e+10,-9.484000000000000341e+01
1.655497760000000000e+10,-9.579000000000000625e+01
1.655497780000000000e+10,-9.537000000000000455e+01
1.655497800000000000e+10,-9.535999999999999943e+01
1.655497820000000000e+10,-9.490000000000000568e+01
1.655497840000000000e+10,-9.451999999999999602e+01
1.655497860000000000e+10,-9.479000000000000625e+01
1.655497880000000000e+10,-9.459000000000000341e+01
1.655497900000000000e+10,-9.521000000000000796e+01
1.655497920000000000e+10,-9.601999999999999602e+01
1.655497940000000000e+10,-9.365999999999999659e+01
1.655497960000000000e+10,-9.332999999999999829e+01
1.655497980000000000e+10,-9.456000000000000227e+01
1.655498000000000000e+10,-9.526000000000000512e+01
1.655498020000000000e+10,-9.425000000000000000e+01
1.655498040000000000e+10,-9.387999999999999545e+01
1.655498060000000000e+10,-9.393000000000000682e+01
1.655498080000000000e+10,-9.423000000000000398e+01
1.655498100000000000e+10,-9.410000000000000853e+01
1.655498120000000000e+10,-9.567000000000000171e+01
1.655498140000000000e+10,-9.546000000000000796e+01
1.655498160000000000e+10,-9.570000000000000284e+01
1.655498180000000000e+10,-9.521999999999999886e+01
1.655498200000000000e+10,-9.487000000000000455e+01
1.655498220000000000e+10,-9.478000000000000114e+01
1.655498240000000000e+10,-9.393000000000000682e+01
1.655498260000000000e+10,-9.400000000000000000e+01
1.655498280000000000e+10,-9.407999999999999829e+01
1.655498300000000000e+10,-9.390000000000000568e+01
1.655498320000000000e+10,-9.426999999999999602e+01
1.655498340000000000e+10,-9.493000000000000682e+01
1.655498360000000000e+10,-9.515999999999999659e+01
1.655498380000000000e+10,-9.587999999999999545e+01
1.655498400000000000e+10,-9.437999999999999545e+01
1.655498420000000000e+10,-9.476999999999999602e+01
1.655498440000000000e+10,-9.450000000000000000e+01
1.655498460000000000e+10,-9.510999999999999943e+01
1.655498480000000000e+10,-9.529000000000000625e+01
1.655498500000000000e+10,-9.504999999999999716e+01
1.655498520000000000e+10,-9.517000000000000171e+01
1.655498540000000000e+10,-9.540000000000000568e+01
1.655498560000000000e+10,-9.476999999999999602e+01
1.655498580000000000e+10,-9.434000000000000341e+01
1.655498600000000000e+10,-9.478000000000000114e+01
1.655498620000000000e+10,-9.548999999999999488e+01
1.655498640000000000e+10,-9.537999999999999545e+01
1.655498660000000000e+10,-9.509000000000000341e+01
1.655498680000000000e+10,-9.537999999999999545e+01
1.655498700000000000e+10,-9.501999999999999602e+01
1.655498720000000000e+10,-9.479999999999999716e+01
1.655498740000000000e+10,-9.509000000000000341e+01
1.655498760000000000e+10,-9.507999999999999829e+01
1.655498780000000000e+10,-9.479999999999999716e+01
1.655498800000000000e+10,-9.475000000000000000e+01
1.655498820000000000e+10,-9.370000000000000284e+01
1.655498840000000000e+10,-9.484000000000000341e+01
1.655498860000000000e+10,-9.518000000000000682e+01
1.655498880000000000e+10,-9.576000000000000512e+01
1.655498900000000000e+10,-9.573000000000000398e+01
1.655498920000000000e+10,-9.496999999999999886e+01
1.655498940000000000e+10,-9.448999999999999488e+01
1.655498960000000000e+10,-9.476999999999999602e+01
1.655498980000000000e+10,-9.529000000000000625e+01
1.655499000000000000e+10,-9.428000000000000114e+01
1.655499020000000000e+10,-9.467000000000000171e+01
1.655499040000000000e+10,-9.587999999999999545e+01
1.655499060000000000e+10,-9.482000000000000739e+01
1.655499080000000000e+10,-9.320000000000000284e+01
1.655499100000000000e+10,-9.351999999999999602e+01
1.655499120000000000e+10,-9.465000000000000568e+01
1.655499140000000000e+10,-9.501999999999999602e+01
1.655499160000000000e+10,-9.454999999999999716e+01
1.655499180000000000e+10,-9.601000000000000512e+01
1.655499200000000000e+10,-9.562999999999999545e+01
1.655499220000000000e+10,-9.578000000000000114e+01
1.655499240000000000e+10,-9.579999999999999716e+01
1.655499260000000000e+10,-9.632999999999999829e+01
1.655499280000000000e+10,-9.529999999999999716e+01
1.655499300000000000e+10,-9.440999999999999659e+01
1.655499320000000000e+10,-9.484000000000000341e+01
1.655499340000000000e+10,-9.523000000000000398e+01
1.655499360000000000e+10,-9.595000000000000284e+01
1.655499380000000000e+10,-9.521999999999999886e+01
1.655499400000000000e+10,-9.540999999999999659e+01
1.655499420000000000e+10,-9.476999999999999602e+01
1.655499440000000000e+10,-9.437999999999999545e+01
1.655499460000000000e+10,-9.484000000000000341e+01
1.655499480000000000e+10,-9.379000000000000625e+01
1.655499500000000000e+10,-9.429000000000000625e+01
1.655499520000000000e+10,-9.442000000000000171e+01
1.655499540000000000e+10,-9.510999999999999943e+01
1.655499560000000000e+10,-9.607000000000000739e+01
1.655499580000000000e+10,-9.662999999999999545e+01
1.655499600000000000e+10,-9.621000000000000796e+01
1.655499620000000000e+10,-9.564000000000000057e+01
1.655499640000000000e+10,-9.448000000000000398e+01
1.655499660000000000e+10,-9.473000000000000398e+01
1.655499680000000000e+10,-9.473000000000000398e+01
1.655499700000000000e+10,-9.525000000000000000e+01
1.655499720000000000e+10,-9.520000000000000284e+01
1.655499740000000000e+10,-9.523999999999999488e+01
1.655499760000000000e+10,-9.520000000000000284e+01
1.655499780000000000e+10,-9.473000000000000398e+01
1.655499800000000000e+10,-9.475000000000000000e+01
1.655499820000000000e+10,-9.387000000000000455e+01
1.655499840000000000e+10,-9.459000000000000341e+01
1.655499860000000000e+10,-9.490000000000000568e+01
1.655499880000000000e+10,-9.331000000000000227e+01
1.655499900000000000e+10,-9.400000000000000000e+01
1.655499920000000000e+10,-9.465999999999999659e+01
1.655499940000000000e+10,-9.428000000000000114e+01
1.655499960000000000e+10,-9.389000000000000057e+01
1.655499980000000000e+10,-9.475000000000000000e+01
1.655500000000000000e+10,-9.434000000000000341e+01
1.655500020000000000e+10,-9.515999999999999659e+01
1.655500040000000000e+10,-9.510999999999999943e+01
1.655500060000000000e+10,-9.410999999999999943e+01
1.655500080000000000e+10,-9.471000000000000796e+01
1.655500100000000000e+10,-9.512999999999999545e+01
1.655500120000000000e+10,-9.573000000000000398e+01
1.655500140000000000e+10,-9.425000000000000000e+01
1.655500160000000000e+10,-9.346999999999999886e+01
1.655500180000000000e+10,-9.378000000000000114e+01
1.655500200000000000e+10,-9.456000000000000227e+01
1.655500220000000000e+10,-9.560999999999999943e+01
1.655500240000000000e+10,-9.610000000000000853e+01
1.655500260000000000e+10,-9.465999999999999659e+01
1.655500280000000000e+10,-9.443000000000000682e+01
1.655500300000000000e+10,-9.451999999999999602e+01
1.655500320000000000e+10,-9.398999999999999488e+01
1.655500340000000000e+10,-9.431000000000000227e+01
1.655500360000000000e+10,-9.532000000000000739e+01
1.655500380000000000e+10,-9.475000000000000000e+01
1.655500400000000000e+10,-9.385000000000000853e+01
1.655500420000000000e+10,-9.404000000000000625e+01
1.655500440000000000e+10,-9.368000000000000682e+01
1.655500460000000000e+10,-9.428000000000000114e+01
1.655500480000000000e+10,-9.404999999999999716e+01
1.655500500000000000e+10,-9.575000000000000000e+01
1.655500520000000000e+10,-9.507000000000000739e+01
1.655500540000000000e+10,-9.459000000000000341e+01
1.655500560000000000e+10,-9.425000000000000000e+01
1.655500580000000000e+10,-9.548999999999999488e+01
1.655500600000000000e+10,-9.623000000000000398e+01
1.655500620000000000e+10,-9.629999999999999716e+01
1.655500640000000000e+10,-9.601000000000000512e+01
1.655500660000000000e+10,-9.553000000000000114e+01
1.655500680000000000e+10,-9.626999999999999602e+01
1.655500700000000000e+10,-9.553000000000000114e+01
1.655500720000000000e+10,-9.492000000000000171e+01
1.655500740000000000e+10,-9.485999999999999943e+01
1.655500760000000000e+10,-9.432000000000000739e+01
1.655500780000000000e+10,-9.426000000000000512e+01
1.655500800000000000e+10,-9.585000000000000853e+01
1.655500820000000000e+10,-9.490000000000000568e+01
1.655500840000000000e+10,-9.506000000000000227e+01
1.655500860000000000e+10,-9.384000000000000341e+01
1.655500880000000000e+10,-9.464000000000000057e+01
1.655500900000000000e+10,-9.429000000000000625e+01
1.655500920000000000e+10,-9.485000000000000853e+01
1.655500940000000000e+10,-9.451000000000000512e+01
1.655500960000000000e+10,-9.490999999999999659e+01
1.655500980000000000e+10,-9.571999999999999886e+01
1.655501000000000000e+10,-9.579000000000000625e+01
1.655501020000000000e+10,-9.634000000000000341e+01
1.655501040000000000e+10,-9.610000000000000853e+01
1.655501060000000000e+10,-9.520000000000000284e+01
1.655501080000000000e+10,-9.421000000000000796e+01
1.655501100000000000e+10,-9.501000000000000512e+01
1.655501120000000000e+10,-9.462999999999999545e+01
1.655501140000000000e+10,-9.484000000000000341e+01
1.655501160000000000e+10,-9.493999999999999773e+01
1.655501180000000000e+10,-9.507000000000000739e+01
1.655501200000000000e+10,-9.498999999999999488e+01
1.655501220000000000e+10,-9.421000000000000796e+01
1.655501240000000000e+10,-9.257000000000000739e+01
1.655501260000000000e+10,-9.103000000000000114e+01
1.655501280000000000e+10,-8.885999999999999943e+01
1.655501300000000000e+10,-8.618999999999999773e+01
1.655501320000000000e+10,-8.318000000000000682e+01
1.655501340000000000e+10,-8.017000000000000171e+01
1.655501360000000000e+10,-7.704000000000000625e+01
1.655501380000000000e+10,-7.417000000000000171e+01
1.655501400000000000e+10,-7.106000000000000227e+01
1.655501420000000000e+10,-6.796000000000000796e+01
1.655501440000000000e+10,-6.498000000000000398e+01
1.655501460000000000e+10,-6.231000000000000227e+01
1.655501480000000000e+10,-6.017000000000000171e+01
1.655501500000000000e+10,-5.868999999999999773e+01
1.655501520000000000e+10,-5.795000000000000284e+01
1.655501540000000000e+10,-5.755000000000000426e+01
1.655501560000000000e+10,-5.770000000000000284e+01
1.655501580000000000e+10,-5.873000000000000398e+01
1.655501600000000000e+10,-6.053000000000000114e+01
1.655501620000000000e+10,-6.231000000000000227e+01
1.655501640000000000e+10,-6.471999999999999886e+01
1.655501660000000000e+10,-6.757999999999999829e+01
1.655501680000000000e+10,-7.070000000000000284e+01
1.655501700000000000e+10,-7.376999999999999602e+01
1.655501720000000000e+10,-7.693000000000000682e+01
1.655501740000000000e+10,-8.026000000000000512e+01
1.655501760000000000e+10,-8.329999999999999716e+01
1.655501780000000000e+10,-8.660000000000000853e+01
1.655501800000000000e+10,-8.942000000000000171e+01
1.655501820000000000e+10,-9.207000000000000739e+01
1.655501840000000000e+10,-9.376000000000000512e+01
1.655501860000000000e+10,-9.481000000000000227e+01
1.655501880000000000e+10,-9.459000000000000341e+01
1.655501900000000000e+10,-9.559000000000000341e+01
1.655501920000000000e+10,-9.428000000000000114e+01
1.655501940000000000e+10,-9.387000000000000455e+01
1.655501960000000000e+10,-9.434000000000000341e+01
1.655501980000000000e+10,-9.350000000000000000e+01
1.655502000000000000e+10,-9.479000000000000625e+01
1.655502020000000000e+10,-9.568000000000000682e+01
1.655502040000000000e+10,-9.400000000000000000e+01
1.655502060000000000e+10,-9.359000000000000341e+01
1.655502080000000000e+10,-9.521999999999999886e+01
1.655502100000000000e+10,-9.556000000000000227e+01
1.655502120000000000e+10,-9.540000000000000568e+01
1.655502140000000000e+10,-9.435999999999999943e+01
1.655502160000000000e+10,-9.503000000000000114e+01
1.655502180000000000e+10,-9.485999999999999943e+01
1.655502200000000000e+10,-9.404999999999999716e+01
1.655502220000000000e+10,-9.376999999999999602e+01
1.655502240000000000e+10,-9.529000000000000625e+01
1.655502260000000000e+10,-9.450000000000000000e+01
1.655502280000000000e+10,-9.440000000000000568e+01
1.655502300000000000e+10,-9.515999999999999659e+01
1.655502320000000000e+10,-9.534000000000000341e+01
1.655502340000000000e+10,-9.473000000000000398e+01
1.655502360000000000e+10,-9.406000000000000227e+01
1.655502380000000000e+10,-9.490000000000000568e+01
1.655502400000000000e+10,-9.429999999999999716e+01
1.655502420000000000e+10,-9.460999999999999943e+01
1.655502440000000000e+10,-9.425000000000000000e+01
1.655502460000000000e+10,-9.437999999999999545e+01
1.655502480000000000e+10,-9.434000000000000341e+01
1.655502500000000000e+10,-9.343000000000000682e+01
1.655502520000000000e+10,-9.451999999999999602e+01
1.655502540000000000e+10,-9.595000000000000284e+01
1.655502560000000000e+10,-9.506000000000000227e+01
1.655502580000000000e+10,-9.323999999999999488e+01
1.655502600000000000e+10,-9.317000000000000171e+01
1.655502620000000000e+10,-9.454000000000000625e+01
1.655502640000000000e+10,-9.537000000000000455e+01
1.655502660000000000e+10,-9.484000000000000341e+01
1.655502680000000000e+10,-9.426999999999999602e+01
1.655502700000000000e+10,-9.456000000000000227e+01
1.655502720000000000e+10,-9.506000000000000227e+01
1.655502740000000000e+10,-9.487999999999999545e+01
1.655502760000000000e+10,-9.429000000000000625e+01
1.655502780000000000e+10,-9.484000000000000341e+01
1.655502800000000000e+10,-9.434000000000000341e+01
1.655502820000000000e+10,-9.479999999999999716e+01
1.655502840000000000e+10,-9.585000000000000853e+01
1.655502860000000000e+10,-9.470000000000000284e+01
1.655502880000000000e+10,-9.485999999999999943e+01
1.655502900000000000e+10,-9.570000000000000284e+01
1.655502920000000000e+10,-9.484000000000000341e+01
1.655502940000000000e+10,-9.429999999999999716e+01
1.655502960000000000e+10,-9.448000000000000398e+01
1.655502980000000000e+10,-9.443000000000000682e+01
1.655503000000000000e+10,-9.434000000000000341e+01
1.655503020000000000e+10,-9.582000000000000739e+01
1.655503040000000000e+10,-9.543999999999999773e+01
1.655503060000000000e+10,-9.520000000000000284e+01
1.655503080000000000e+10,-9.635999999999999943e+01
1.655503100000000000e+10,-9.567000000000000171e+01
1.655503120000000000e+10,-9.545000000000000284e+01
1.655503140000000000e+10,-9.510999999999999943e+01
1.655503160000000000e+10,-9.442000000000000171e+01
1.655503180000000000e+10,-9.390999999999999659e+01
1.655503200000000000e+10,-9.420000000000000284e+01
1.655503220000000000e+10,-9.460999999999999943e+01
1.655503240000000000e+10,-9.492000000000000171e+01
1.655503260000000000e+10,-9.532000000000000739e+01
1.655503280000000000e+10,-9.570000000000000284e+01
1.655503300000000000e+10,-9.628000000000000114e+01
1.655503320000000000e+10,-9.528000000000000114e+01
1.655503340000000000e+10,-9.446999999999999886e+01
1.655503360000000000e+10,-9.465999999999999659e+01
1.655503380000000000e+10,-9.460000000000000853e+01
1.655503400000000000e+10,-9.437000000000000455e+01
1.655503420000000000e+10,-9.500000000000000000e+01
1.655503440000000000e+10,-9.460999999999999943e+01
1.655503460000000000e+10,-9.482000000000000739e+01
1.655503480000000000e+10,-9.579999999999999716e+01
1.655503500000000000e+10,-9.523999999999999488e+01
1.655503520000000000e+10,-9.470000000000000284e+01
1.655503540000000000e+10,-9.518999999999999773e+01
1.655503560000000000e+10,-9.421000000000000796e+01
1.655503580000000000e+10,-9.448000000000000398e+01
1.655503600000000000e+10,-9.525000000000000000e+01
1.655503620000000000e+10,-9.504999999999999716e+01
1.655503640000000000e+10,-9.457000000000000739e+01
1.655503660000000000e+10,-9.460999999999999943e+01
1.655503680000000000e+10,-9.473999999999999488e+01
1.655503700000000000e+10,-9.329999999999999716e+01
1.655503720000000000e+10,-9.306000000000000227e+01
1.655503740000000000e+10,-9.420000000000000284e+01
1.655503760000000000e+10,-9.568000000000000682e+01
1.655503780000000000e+10,-9.554000000000000625e+01
1.655503800000000000e+10,-9.406000000000000227e+01
1.655503820000000000e+10,-9.432000000000000739e+01
1.655503840000000000e+10,-9.434000000000000341e+01
1.655503860000000000e+10,-9.414000000000000057e+01
1.655503880000000000e+10,-9.487000000000000455e+01
1.655503900000000000e+10,-9.451999999999999602e+01
1.655503920000000000e+10,-9.556000000000000227e+01
1.655503940000000000e+10,-9.612999999999999545e+01
1.655503960000000000e+10,-9.575000000000000000e+01
1.655503980000000000e+10,-9.501000000000000512e+01
1.655504000000000000e+10,-9.401999999999999602e+01
1.655504020000000000e+10,-9.346999999999999886e+01
1.655504040000000000e+10,-9.487000000000000455e+01
1.655504060000000000e+10,-9.471000000000000796e+01
1.655504080000000000e+10,-9.487999999999999545e+01
1.655504100000000000e+10,-9.607000000000000739e+01
1.655504120000000000e+10,-9.570000000000000284e+01
1.655504140000000000e+10,-9.507000000000000739e+01
1.655504160000000000e+10,-9.501000000000000512e+01
1.655504180000000000e+10,-9.521000000000000796e+01
1.655504200000000000e+10,-9.343000000000000682e+01
1.655504220000000000e+10,-9.396000000000000796e+01
1.655504240000000000e+10,-9.528000000000000114e+01
1.655504260000000000e+10,-9.460999999999999943e+01
1.655504280000000000e+10,-9.459000000000000341e+01
1.655504300000000000e+10,-9.421999999999999886e+01
1.655504320000000000e+10,-9.529000000000000625e+01
1.655504340000000000e+10,-9.482999999999999829e+01
1.655504360000000000e+10,-9.437999999999999545e+01
1.655504380000000000e+10,-9.456000000000000227e+01
1.655504400000000000e+10,-9.415000000000000568e+01
1.655504420000000000e+10,-9.542000000000000171e+01
1.655504440000000000e+10,-9.467000000000000171e+01
1.655504460000000000e+10,-9.329000000000000625e+01
1.655504480000000000e+10,-9.346000000000000796e+01
1.655504500000000000e+10,-9.401000000000000512e+01
1.655504520000000000e+10,-9.362999999999999545e+01
1.655504540000000000e+10,-9.503000000000000114e+01
1.655504560000000000e+10,-9.456000000000000227e+01
1.655504580000000000e+10,-9.396999999999999886e+01
1.655504600000000000e+10,-9.496999999999999886e+01
1.655504620000000000e+10,-9.457999999999999829e+01
1.655504640000000000e+10,-9.481000000000000227e+01
1.655504660000000000e+10,-9.571000000000000796e+01
1.655504680000000000e+10,-9.557000000000000739e+01
1.655504700000000000e+10,-9.462000000000000455e+01
1.655504720000000000e+10,-9.464000000000000057e+01
1.655504740000000000e+10,-9.512999999999999545e+01
1.655504760000000000e+10,-9.507000000000000739e+01
1.655504780000000000e+10,-9.535000000000000853e+01
1.655504800000000000e+10,-9.507999999999999829e+01
1.655504820000000000e+10,-9.368000000000000682e+01
1.655504840000000000e+10,-9.440999999999999659e+01
1.655504860000000000e+10,-9.460999999999999943e+01
1.655504880000000000e+10,-9.493000000000000682e+01
1.655504900000000000e+10,-9.560999999999999943e+01
1.655504920000000000e+10,-9.546999999999999886e+01
1.655504940000000000e+10,-9.484000000000000341e+01
1.655504960000000000e+10,-9.465999999999999659e+01
1.655504980000000000e+10,-9.404999999999999716e+01
1.655505000000000000e+10,-9.407000000000000739e+01
1.956495000000000000e+10,-9.535999999999999943e+01
1.956495020000000000e+10,-9.450000000000000000e+01
1.956495040000000000e+10,-9.396999999999999886e+01
1.956495060000000000e+10,-9.421999999999999886e+01
1.956495080000000000e+10,-9.407000000000000739e+01
1.956495100000000000e+10,-9.446999999999999886e+01
1.956495120000000000e+10,-9.462999999999999545e+01
1.956495140000000000e+10,-9.428000000000000114e+01
1.956495160000000000e+10,-9.440999999999999659e+01
1.956495180000000000e+10,-9.406000000000000227e+01
1.956495200000000000e+10,-9.434000000000000341e+01
1.956495220000000000e+10,-9.490000000000000568e+01
1.956495240000000000e+10,-9.415000000000000568e+01
1.956495260000000000e+10,-9.351999999999999602e+01
1.956495280000000000e+10,-9.465000000000000568e+01
1.956495300000000000e+10,-9.529000000000000625e+01
1.956495320000000000e+10,-9.468999999999999773e+01
1.956495340000000000e+10,-9.329000000000000625e+01
1.956495360000000000e+10,-9.407999999999999829e+01
1.956495380000000000e+10,-9.396999999999999886e+01
1.956495400000000000e+10,-9.346999999999999886e+01
1.956495420000000000e+10,-9.357999999999999829e+01
1.956495440000000000e+10,-9.496000000000000796e+01
1.956495460000000000e+10,-9.504000000000000625e+01
1.956495480000000000e+10,-9.470000000000000284e+01
1.956495500000000000e+10,-9.493000000000000682e+01
1.956495520000000000e+10,-9.407000000000000739e+01
1.956495540000000000e+10,-9.548000000000000398e+01
1.956495560000000000e+10,-9.509000000000000341e+01
1.956495580000000000e+10,-9.484000000000000341e+01
1.956495600000000000e+10,-9.510999999999999943e+01
1.956495620000000000e+10,-9.429000000000000625e+01
1.956495640000000000e+10,-9.342000000000000171e+01
1.956495660000000000e+10,-9.365999999999999659e+01
1.956495680000000000e+10,-9.542000000000000171e+01
1.956495700000000000e+10,-9.457000000000000739e+01
1.956495720000000000e+10,-9.435999999999999943e+01
1.956495740000000000e+10,-9.443999999999999773e+01
1.956495760000000000e+10,-9.450000000000000000e+01
1.956495780000000000e+10,-9.425000000000000000e+01
1.956495800000000000e+10,-9.360999999999999943e+01
1.956495820000000000e+10,-9.395000000000000284e+01
1.956495840000000000e+10,-9.539000000000000057e+01
1.956495860000000000e+10,-9.468999999999999773e+01
1.956495880000000000e+10,-9.418000000000000682e+01
1.956495900000000000e+10,-9.415999999999999659e+01
1.956495920000000000e+10,-9.423999999999999488e+01
1.956495940000000000e+10,-9.417000000000000171e+01
1.956495960000000000e+10,-9.454000000000000625e+01
1.956495980000000000e+10,-9.443000000000000682e+01
1.956496000000000000e+10,-9.356000000000000227e+01
1.956496020000000000e+10,-9.375000000000000000e+01
1.956496040000000000e+10,-9.528000000000000114e+01
1.956496060000000000e+10,-9.396000000000000796e+01
1.956496080000000000e+10,-9.450000000000000000e+01
1.956496100000000000e+10,-9.556000000000000227e+01
1.956496120000000000e+10,-9.418999999999999773e+01
1.956496140000000000e+10,-9.379000000000000625e+01
1.956496160000000000e+10,-9.443000000000000682e+01
1.956496180000000000e+10,-9.515999999999999659e+01
1.956496200000000000e+10,-9.493999999999999773e+01
1.956496220000000000e+10,-9.450000000000000000e+01
1.956496240000000000e+10,-9.482999999999999829e+01
1.956496260000000000e+10,-9.375000000000000000e+01
1.956496280000000000e+10,-9.359000000000000341e+01
1.956496300000000000e+10,-9.457999999999999829e+01
1.956496320000000000e+10,-9.548000000000000398e+01
1.956496340000000000e+10,-9.521999999999999886e+01
1.956496360000000000e+10,-9.562999999999999545e+01
1.956496380000000000e+10,-9.429000000000000625e+01
1.956496400000000000e+10,-9.410999999999999943e+01
1.956496420000000000e+10,-9.410999999999999943e+01
1.956496440000000000e+10,-9.473999999999999488e+01
1.956496460000000000e+10,-9.468000000000000682e+01
1.956496480000000000e+10,-9.456000000000000227e+01
1.956496500000000000e+10,-9.543000000000000682e+01
1.956496520000000000e+10,-9.579000000000000625e+01
1.956496540000000000e+10,-9.471000000000000796e+01
1.956496560000000000e+10,-9.412000000000000455e+01
1.956496580000000000e+10,-9.359000000000000341e+01
1.956496600000000000e+10,-9.346999999999999886e+01
1.956496620000000000e+10,-9.315999999999999659e+01
1.956496640000000000e+10,-9.479000000000000625e+01
1.956496660000000000e+10,-9.487999999999999545e+01
1.956496680000000000e+10,-9.457000000000000739e+01
1.956496700000000000e+10,-9.492000000000000171e+01
1.956496720000000000e+10,-9.518999999999999773e+01
1.956496740000000000e+10,-9.462000000000000455e+01
1.956496760000000000e+10,-9.496000000000000796e+01
1.956496780000000000e+10,-9.485000000000000853e+01
1.956496800000000000e+10,-9.529000000000000625e+01
1.956496820000000000e+10,-9.457000000000000739e+01
1.956496840000000000e+10,-9.495000000000000284e+01
1.956496860000000000e+10,-9.425000000000000000e+01
1.956496880000000000e+10,-9.454999999999999716e+01
1.956496900000000000e+10,-9.482000000000000739e+01
1.956496920000000000e+10,-9.465000000000000568e+01
1.956496940000000000e+10,-9.414000000000000057e+01
1.956496960000000000e+10,-9.423999999999999488e+01
1.956496980000000000e+10,-9.375000000000000000e+01
1.956497000000000000e+10,-9.476999999999999602e+01
1.956497020000000000e+10,-9.470000000000000284e+01
1.956497040000000000e+10,-9.504000000000000625e+01
1.956497060000000000e+10,-9.470000000000000284e+01
1.956497080000000000e+10,-9.532999999999999829e+01
1.956497100000000000e+10,-9.432000000000000739e+01
1.956497120000000000e+10,-9.506000000000000227e+01
1.956497140000000000e+10,-9.464000000000000057e+01
1.956497160000000000e+10,-9.389000000000000057e+01
1.956497180000000000e+10,-9.371000000000000796e+01
1.956497200000000000e+10,-9.420000000000000284e+01
1.956497220000000000e+10,-9.398999999999999488e+01
1.956497240000000000e+10,-9.437000000000000455e+01
1.956497260000000000e+10,-9.382000000000000739e+01
1.956497280000000000e+10,-9.345000000000000284e+01
1.956497300000000000e+10,-9.498000000000000398e+01
1.956497320000000000e+10,-9.514000000000000057e+01
1.956497340000000000e+10,-9.515000000000000568e+01
1.956497360000000000e+10,-9.387999999999999545e+01
1.956497380000000000e+10,-9.339000000000000057e+01
1.956497400000000000e+10,-9.398000000000000398e+01
1.956497420000000000e+10,-9.398000000000000398e+01
1.956497440000000000e+10,-9.353000000000000114e+01
1.956497460000000000e+10,-9.398000000000000398e+01
1.956497480000000000e+10,-9.450000000000000000e+01
1.956497500000000000e+10,-9.410999999999999943e+01
1.956497520000000000e+10,-9.448999999999999488e+01
1.956497540000000000e+10,-9.451999999999999602e+01
1.956497560000000000e+10,-9.507000000000000739e+01
1.956497580000000000e+10,-9.387999999999999545e+01
1.956497600000000000e+10,-9.421000000000000796e+01
1.956497620000000000e+10,-9.517000000000000171e+01
1.956497640000000000e+10,-9.478000000000000114e+01
1.956497660000000000e+10,-9.460999999999999943e+01
1.956497680000000000e+10,-9.493000000000000682e+01
1.956497700000000000e+10,-9.476999999999999602e+01
1.956497720000000000e+10,-9.485000000000000853e+01
1.956497740000000000e+10,-9.482999999999999829e+01
1.956497760000000000e+10,-9.440999999999999659e+01
1.956497780000000000e+10,-9.548000000000000398e+01
1.956497800000000000e+10,-9.423000000000000398e+01
1.956497820000000000e+10,-9.368000000000000682e+01
1.956497840000000000e+10,-9.529000000000000625e+01
1.956497860000000000e+10,-9.564000000000000057e+01
1.956497880000000000e+10,-9.498000000000000398e+01
1.956497900000000000e+10,-9.478000000000000114e+01
1.956497920000000000e+10,-9.509000000000000341e+01
1.956497940000000000e+10,-9.379000000000000625e+01
1.956497960000000000e+10,-9.370000000000000284e+01
1.956497980000000000e+10,-9.387000000000000455e+01
1.956498000000000000e+10,-9.375000000000000000e+01
1.956498020000000000e+10,-9.346999999999999886e+01
1.956498040000000000e+10,-9.398000000000000398e+01
1.956498060000000000e+10,-9.514000000000000057e+01
1.956498080000000000e+10,-9.475000000000000000e+01
1.956498100000000000e+10,-9.498000000000000398e+01
1.956498120000000000e+10,-9.381000000000000227e+01
1.956498140000000000e+10,-9.423000000000000398e+01
1.956498160000000000e+10,-9.450000000000000000e+01
1.956498180000000000e+10,-9.403000000000000114e+01
1.956498200000000000e+10,-9.376999999999999602e+01
1.956498220000000000e+10,-9.421999999999999886e+01
1.956498240000000000e+10,-9.382000000000000739e+01
1.956498260000000000e+10,-9.429999999999999716e+01
1.956498280000000000e+10,-9.453000000000000114e+01
1.956498300000000000e+10,-9.470000000000000284e+01
1.956498320000000000e+10,-9.496999999999999886e+01
1.956498340000000000e+10,-9.378000000000000114e+01
1.956498360000000000e+10,-9.418999999999999773e+01
1.956498380000000000e+10,-9.525000000000000000e+01
1.956498400000000000e+10,-9.404000000000000625e+01
1.956498420000000000e+10,-9.421000000000000796e+01
1.956498440000000000e+10,-9.470000000000000284e+01
1.956498460000000000e+10,-9.434000000000000341e+01
1.956498480000000000e+10,-9.496000000000000796e+01
1.956498500000000000e+10,-9.507000000000000739e+01
1.956498520000000000e+10,-9.573000000000000398e+01
1.956498540000000000e+10,-9.434000000000000341e+01
1.956498560000000000e+10,-9.432999999999999829e+01
1.956498580000000000e+10,-9.506000000000000227e+01
1.956498600000000000e+10,-9.407999999999999829e+01
1.956498620000000000e+10,-9.370000000000000284e+01
1.956498640000000000e+10,-9.365000000000000568e+01
1.956498660000000000e+10,-9.500000000000000000e+01
1.956498680000000000e+10,-9.468999999999999773e+01
1.956498700000000000e+10,-9.423000000000000398e+01
1.956498720000000000e+10,-9.429000000000000625e+01
1.956498740000000000e+10,-9.425000000000000000e+01
1.956498760000000000e+10,-9.354000000000000625e+01
1.956498780000000000e+10,-9.467000000000000171e+01
1.956498800000000000e+10,-9.465000000000000568e+01
1.956498820000000000e+10,-9.565999999999999659e+01
1.956498840000000000e+10,-9.412000000000000455e+01
1.956498860000000000e+10,-9.428000000000000114e+01
1.956498880000000000e+10,-9.589000000000000057e+01
1.956498900000000000e+10,-9.554999999999999716e+01
1.956498920000000000e+10,-9.393000000000000682e+01
1.956498940000000000e+10,-9.307000000000000739e+01
1.956498960000000000e+10,-9.315000000000000568e+01
1.956498980000000000e+10,-9.320000000000000284e+01
1.956499000000000000e+10,-9.398000000000000398e+01
1.956499020000000000e+10,-9.431000000000000227e+01
1.956499040000000000e+10,-9.526000000000000512e+01
1.956499060000000000e+10,-9.420000000000000284e+01
1.956499080000000000e+10,-9.368000000000000682e+01
1.956499100000000000e+10,-9.375000000000000000e+01
1.956499120000000000e+10,-9.412000000000000455e+01
1.956499140000000000e+10,-9.403000000000000114e+01
1.956499160000000000e+10,-9.412000000000000455e+01
1.956499180000000000e+10,-9.487000000000000455e+01
1.956499200000000000e+10,-9.525000000000000000e+01
1.956499220000000000e+10,-9.504000000000000625e+01
1.956499240000000000e+10,-9.526000000000000512e+01
1.956499260000000000e+10,-9.468000000000000682e+01
1.956499280000000000e+10,-9.395000000000000284e+01
1.956499300000000000e+10,-9.437999999999999545e+01
1.956499320000000000e+10,-9.498999999999999488e+01
1.956499340000000000e+10,-9.443000000000000682e+01
1.956499360000000000e+10,-9.403000000000000114e+01
1.956499380000000000e+10,-9.451999999999999602e+01
1.956499400000000000e+10,-9.496999999999999886e+01
1.956499420000000000e+10,-9.626999999999999602e+01
1.956499440000000000e+10,-9.570000000000000284e+01
1.956499460000000000e+10,-9.443999999999999773e+01
1.956499480000000000e+10,-9.479999999999999716e+01
1.956499500000000000e+10,-9.407999999999999829e+01
1.956499520000000000e+10,-9.281000000000000227e+01
1.956499540000000000e+10,-9.390000000000000568e+01
1.956499560000000000e+10,-9.540000000000000568e+01
1.956499580000000000e+10,-9.475000000000000000e+01
1.956499600000000000e+10,-9.498000000000000398e+01
1.956499620000000000e+10,-9.482000000000000739e+01
1.956499640000000000e+10,-9.479999999999999716e+01
1.956499660000000000e+10,-9.423999999999999488e+01
1.956499680000000000e+10,-9.443000000000000682e+01
1.956499700000000000e+10,-9.334000000000000341e+01
1.956499720000000000e+10,-9.370000000000000284e+01
1.956499740000000000e+10,-9.501999999999999602e+01
1.956499760000000000e+10,-9.490999999999999659e+01
1.956499780000000000e+10,-9.456000000000000227e+01
1.956499800000000000e+10,-9.407999999999999829e+01
1.956499820000000000e+10,-9.475000000000000000e+01
1.956499840000000000e+10,-9.573000000000000398e+01
1.956499860000000000e+10,-9.490999999999999659e+01
1.956499880000000000e+10,-9.487000000000000455e+01
1.956499900000000000e+10,-9.473999999999999488e+01
1.956499920000000000e+10,-9.525000000000000000e+01
1.956499940000000000e+10,-9.537000000000000455e+01
1.956499960000000000e+10,-9.501999999999999602e+01
1.956499980000000000e+10,-9.565999999999999659e+01
1.956500000000000000e+10,-9.537999999999999545e+01
1.956500020000000000e+10,-9.635000000000000853e+01
1.956500040000000000e+10,-9.368000000000000682e+01
1.956500060000000000e+10,-9.384000000000000341e+01
1.956500080000000000e+10,-9.367000000000000171e+01
1.956500100000000000e+10,-9.423999999999999488e+01
1.956500120000000000e+10,-9.393999999999999773e+01
1.956500140000000000e+10,-9.356000000000000227e+01
1.956500160000000000e+10,-9.454000000000000625e+01
1.956500180000000000e+10,-9.421999999999999886e+01
1.956500200000000000e+10,-9.329999999999999716e+01
1.956500220000000000e+10,-9.415999999999999659e+01
1.956500240000000000e+10,-9.453000000000000114e+01
1.956500260000000000e+10,-9.406000000000000227e+01
1.956500280000000000e+10,-9.439000000000000057e+01
1.956500300000000000e+10,-9.551999999999999602e+01
1.956500320000000000e+10,-9.539000000000000057e+01
1.956500340000000000e+10,-9.576999999999999602e+01
1.956500360000000000e+10,-9.467000000000000171e+01
1.956500380000000000e+10,-9.426999999999999602e+01
1.956500400000000000e+10,-9.382000000000000739e+01
1.956500420000000000e+10,-9.375000000000000000e+01
1.956500440000000000e+10,-9.542000000000000171e+01
1.956500460000000000e+10,-9.457000000000000739e+01
1.956500480000000000e+10,-9.501999999999999602e+01
1.956500500000000000e+10,-9.489000000000000057e+01
1.956500520000000000e+10,-9.554999999999999716e+01
1.956500540000000000e+10,-9.454000000000000625e+01
1.956500560000000000e+10,-9.514000000000000057e+01
1.956500580000000000e+10,-9.515999999999999659e+01
1.956500600000000000e+10,-9.390000000000000568e+01
1.956500620000000000e+10,-9.351000000000000512e+01
1.956500640000000000e+10,-9.484000000000000341e+01
1.956500660000000000e+10,-9.498999999999999488e+01
1.956500680000000000e+10,-9.434000000000000341e+01
1.956500700000000000e+10,-9.392000000000000171e+01
1.956500720000000000e+10,-9.365000000000000568e+01
1.956500740000000000e+10,-9.417000000000000171e+01
1.956500760000000000e+10,-9.429000000000000625e+01
1.956500780000000000e+10,-9.473000000000000398e+01
1.956500800000000000e+10,-9.498000000000000398e+01
1.956500820000000000e+10,-9.546000000000000796e+01
1.956500840000000000e+10,-9.539000000000000057e+01
1.956500860000000000e+10,-9.535000000000000853e+01
1.956500880000000000e+10,-9.473000000000000398e+01
1.956500900000000000e+10,-9.515999999999999659e+01
1.956500920000000000e+10,-9.571000000000000796e+01
1.956500940000000000e+10,-9.439000000000000057e+01
1.956500960000000000e+10,-9.468999999999999773e+01
1.956500980000000000e+10,-9.457000000000000739e+01
1.956501000000000000e+10,-9.400000000000000000e+01
1.956501020000000000e+10,-9.462000000000000455e+01
1.956501040000000000e+10,-9.543000000000000682e+01
1.956501060000000000e+10,-9.510000000000000853e+01
1.956501080000000000e+10,-9.412999999999999545e+01
1.956501100000000000e+10,-9.375000000000000000e+01
1.956501120000000000e+10,-9.357000000000000739e+01
1.956501140000000000e+10,-9.439000000000000057e+01
1.956501160000000000e+10,-9.551999999999999602e+01
1.956501180000000000e+10,-9.507000000000000739e+01
1.956501200000000000e+10,-9.478000000000000114e+01
1.956501220000000000e+10,-9.465999999999999659e+01
1.956501240000000000e+10,-9.443000000000000682e+01
1.956501260000000000e+10,-9.493000000000000682e+01
1.956501280000000000e+10,-9.453000000000000114e+01
1.956501300000000000e+10,-9.426999999999999602e+01
1.956501320000000000e+10,-9.529000000000000625e+01
1.956501340000000000e+10,-9.523999999999999488e+01
1.956501360000000000e+10,-9.509000000000000341e+01
1.956501380000000000e+10,-9.520000000000000284e+01
1.956501400000000000e+10,-9.482999999999999829e+01
1.956501420000000000e+10,-9.481000000000000227e+01
1.956501440000000000e+10,-9.575000000000000000e+01
1.956501460000000000e+10,-9.615999999999999659e+01
1.956501480000000000e+10,-9.454999999999999716e+01
1.956501500000000000e+10,-9.403000000000000114e+01
1.956501520000000000e+10,-9.417000000000000171e+01
1.956501540000000000e+10,-9.443999999999999773e+01
1.956501560000000000e+10,-9.443000000000000682e+01
1.956501580000000000e+10,-9.460000000000000853e+01
1.956501600000000000e+10,-9.582999999999999829e+01
1.956501620000000000e+10,-9.526999999999999602e+01
1.956501640000000000e+10,-9.504999999999999716e+01
1.956501660000000000e+10,-9.493999999999999773e+01
1.956501680000000000e+10,-9.493000000000000682e+01
1.956501700000000000e+10,-9.531000000000000227e+01
1.956501720000000000e+10,-9.468999999999999773e+01
1.956501740000000000e+10,-9.426999999999999602e+01
1.956501760000000000e+10,-9.370000000000000284e+01
1.956501780000000000e+10,-9.343000000000000682e+01
1.956501800000000000e+10,-9.359000000000000341e+01
1.956501820000000000e+10,-9.362000000000000455e+01
1.956501840000000000e+10,-9.423000000000000398e+01
1.956501860000000000e+10,-9.404999999999999716e+01
1.956501880000000000e+10,-9.162999999999999545e+01
1.956501900000000000e+10,-9.120000000000000284e+01
1.956501920000000000e+10,-9.018000000000000682e+01
1.956501940000000000e+10,-8.993000000000000682e+01
1.956501960000000000e+10,-8.973000000000000398e+01
1.956501980000000000e+10,-8.873000000000000398e+01
1.956502000000000000e+10,-8.978000000000000114e+01
1.956502020000000000e+10,-9.218000000000000682e+01
1.956502040000000000e+10,-9.296000000000000796e+01
1.956502060000000000e+10,-9.401999999999999602e+01
1.956502080000000000e+10,-9.326000000000000512e+01
1.956502100000000000e+10,-9.465999999999999659e+01
1.956502120000000000e+10,-9.493999999999999773e+01
1.956502140000000000e+10,-9.460999999999999943e+01
1.956502160000000000e+10,-9.373000000000000398e+01
1.956502180000000000e+10,-9.440999999999999659e+01
1.956502200000000000e+10,-9.496999999999999886e+01
1.956502220000000000e+10,-9.426000000000000512e+01
1.956502240000000000e+10,-9.453000000000000114e+01
1.956502260000000000e+10,-9.451999999999999602e+01
1.956502280000000000e+10,-9.435000000000000853e+01
1.956502300000000000e+10,-9.485999999999999943e+01
1.956502320000000000e+10,-9.401999999999999602e+01
1.956502340000000000e+10,-9.529000000000000625e+01
1.956502360000000000e+10,-9.489000000000000057e+01
1.956502380000000000e+10,-9.534000000000000341e+01
1.956502400000000000e+10,-9.535999999999999943e+01
1.956502420000000000e+10,-9.521999999999999886e+01
1.956502440000000000e+10,-9.476999999999999602e+01
1.956502460000000000e+10,-9.454000000000000625e+01
1.956502480000000000e+10,-9.437000000000000455e+01
1.956502500000000000e+10,-9.331000000000000227e+01
1.956502520000000000e+10,-9.398000000000000398e+01
1.956502540000000000e+10,-9.479000000000000625e+01
1.956502560000000000e+10,-9.467000000000000171e+01
1.956502580000000000e+10,-9.356000000000000227e+01
1.956502600000000000e+10,-9.404000000000000625e+01
1.956502620000000000e+10,-9.431000000000000227e+01
1.956502640000000000e+10,-9.395000000000000284e+01
1.956502660000000000e+10,-9.382000000000000739e+01
1.956502680000000000e+10,-9.412999999999999545e+01
1.956502700000000000e+10,-9.445000000000000284e+01
1.956502720000000000e+10,-9.410999999999999943e+01
1.956502740000000000e+10,-9.465000000000000568e+01
1.956502760000000000e+10,-9.515000000000000568e+01
1.956502780000000000e+10,-9.464000000000000057e+01
1.956502800000000000e+10,-9.479999999999999716e+01
1.956502820000000000e+10,-9.540000000000000568e+01
1.956502840000000000e+10,-9.415999999999999659e+01
1.956502860000000000e+10,-9.401999999999999602e+01
1.956502880000000000e+10,-9.431000000000000227e+01
1.956502900000000000e+10,-9.468999999999999773e+01
1.956502920000000000e+10,-9.470000000000000284e+01
1.956502940000000000e+10,-9.482000000000000739e+01
1.956502960000000000e+10,-9.440999999999999659e+01
1.956502980000000000e+10,-9.568999999999999773e+01
1.956503000000000000e+10,-9.575000000000000000e+01
1.956503020000000000e+10,-9.520000000000000284e+01
1.956503040000000000e+10,-9.512999999999999545e+01
1.956503060000000000e+10,-9.554999999999999716e+01
1.956503080000000000e+10,-9.507000000000000739e+01
1.956503100000000000e+10,-9.521999999999999886e+01
1.956503120000000000e+10,-9.437000000000000455e+01
1.956503140000000000e+10,-9.446000000000000796e+01
1.956503160000000000e+10,-9.560999999999999943e+01
1.956503180000000000e+10,-9.471000000000000796e+01
1.956503200000000000e+10,-9.498999999999999488e+01
1.956503220000000000e+10,-9.400000000000000000e+01
1.956503240000000000e+10,-9.398000000000000398e+01
1.956503260000000000e+10,-9.478000000000000114e+01
1.956503280000000000e+10,-9.451999999999999602e+01
1.956503300000000000e+10,-9.451999999999999602e+01
1.956503320000000000e+10,-9.329000000000000625e+01
1.956503340000000000e+10,-9.343999999999999773e+01
1.956503360000000000e+10,-9.378000000000000114e+01
1.956503380000000000e+10,-9.529000000000000625e+01
1.956503400000000000e+10,-9.515000000000000568e+01
1.956503420000000000e+10,-9.482999999999999829e+01
1.956503440000000000e+10,-9.439000000000000057e+01
1.956503460000000000e+10,-9.375000000000000000e+01
1.956503480000000000e+10,-9.393000000000000682e+01
1.956503500000000000e+10,-9.496000000000000796e+01
1.956503520000000000e+10,-9.487999999999999545e+01
1.956503540000000000e+10,-9.339000000000000057e+01
1.956503560000000000e+10,-9.296000000000000796e+01
1.956503580000000000e+10,-9.473000000000000398e+01
1.956503600000000000e+10,-9.451999999999999602e+01
1.956503620000000000e+10,-9.426000000000000512e+01
1.956503640000000000e+10,-9.340000000000000568e+01
1.956503660000000000e+10,-9.423000000000000398e+01
1.956503680000000000e+10,-9.489000000000000057e+01
1.956503700000000000e+10,-9.484000000000000341e+01
1.956503720000000000e+10,-9.473999999999999488e+01
1.956503740000000000e+10,-9.428000000000000114e+01
1.956503760000000000e+10,-9.448000000000000398e+01
1.956503780000000000e+10,-9.429000000000000625e+01
1.956503800000000000e+10,-9.393999999999999773e+01
1.956503820000000000e+10,-9.496000000000000796e+01
1.956503840000000000e+10,-9.371000000000000796e+01
1.956503860000000000e+10,-9.392000000000000171e+01
1.956503880000000000e+10,-9.465999999999999659e+01
1.956503900000000000e+10,-9.425000000000000000e+01
1.956503920000000000e+10,-9.382000000000000739e+01
1.956503940000000000e+10,-9.443000000000000682e+01
1.956503960000000000e+10,-9.509000000000000341e+01
1.956503980000000000e+10,-9.418000000000000682e+01
1.956504000000000000e+10,-9.429999999999999716e+01
1.956504020000000000e+10,-9.468999999999999773e+01
1.956504040000000000e+10,-9.510000000000000853e+01
1.956504060000000000e+10,-9.451999999999999602e+01
1.956504080000000000e+10,-9.465999999999999659e+01
1.956504100000000000e+10,-9.437000000000000455e+01
1.956504120000000000e+10,-9.339000000000000057e+01
1.956504140000000000e+10,-9.410999999999999943e+01
1.956504160000000000e+10,-9.426999999999999602e+01
1.956504180000000000e+10,-9.468999999999999773e+01
1.956504200000000000e+10,-9.443000000000000682e+01
1.956504220000000000e+10,-9.443000000000000682e+01
1.956504240000000000e+10,-9.539000000000000057e+01
1.956504260000000000e+10,-9.479000000000000625e+01
1.956504280000000000e+10,-9.437000000000000455e+01
1.956504300000000000e+10,-9.454000000000000625e+01
1.956504320000000000e+10,-9.360000000000000853e+01
1.956504340000000000e+10,-9.476000000000000512e+01
1.956504360000000000e+10,-9.406000000000000227e+01
1.956504380000000000e+10,-9.440000000000000568e+01
1.956504400000000000e+10,-9.482000000000000739e+01
1.956504420000000000e+10,-9.442000000000000171e+01
1.956504440000000000e+10,-9.448999999999999488e+01
1.956504460000000000e+10,-9.498000000000000398e+01
1.956504480000000000e+10,-9.525000000000000000e+01
1.956504500000000000e+10,-9.545000000000000284e+01
1.956504520000000000e+10,-9.542000000000000171e+01
1.956504540000000000e+10,-9.479999999999999716e+01
1.956504560000000000e+10,-9.501999999999999602e+01
1.956504580000000000e+10,-9.551000000000000512e+01
1.956504600000000000e+10,-9.593999999999999773e+01
1.956504620000000000e+10,-9.393000000000000682e+01
1.956504640000000000e+10,-9.315999999999999659e+01
1.956504660000000000e+10,-9.279999999999999716e+01
1.956504680000000000e+10,-9.312000000000000455e+01
1.956504700000000000e+10,-9.465999999999999659e+01
1.956504720000000000e+10,-9.479000000000000625e+01
1.956504740000000000e+10,-9.482000000000000739e+01
1.956504760000000000e+10,-9.506000000000000227e+01
1.956504780000000000e+10,-9.420000000000000284e+01
1.956504800000000000e+10,-9.393999999999999773e+01
1.956504820000000000e+10,-9.448999999999999488e+01
1.956504840000000000e+10,-9.407999999999999829e+01
1.956504860000000000e+10,-9.321000000000000796e+01
1.956504880000000000e+10,-9.389000000000000057e+01
1.956504900000000000e+10,-9.348000000000000398e+01
1.956504920000000000e+10,-9.326000000000000512e+01
1.956504940000000000e+10,-9.473000000000000398e+01
1.956504960000000000e+10,-9.425000000000000000e+01
1.956504980000000000e+10,-9.462999999999999545e+01
1.956505000000000000e+10,-9.557000000000000739e+01
